84
15                                    0.0000000 1.8074779 1.7796600 1.5132774 1.7234982 1.5220026 1.3349991 1.5081161 1.5159681 1.6646795 2.0918082 1.3242470 1.5550089 1.7298490 1.7568311 1.6199383 1.8325421 2.1394222 1.5520901 1.8728522 2.0125269 2.1010573 1.3906203 1.6056082 1.6024721 1.6842301 1.7186004 2.1307476 1.5040753 1.6127719 1.6542752 1.6731844 2.2026602 1.6755890 1.4118016 1.6292930 1.3073189 1.2442733 1.4275928 1.3043579 1.4543251 1.4486634 1.3506565 1.4227304 1.3785238 1.3947319 1.3259803 1.2800997 1.2596998 2.1844025 1.5245659 1.6557596 1.8257731 1.4761840 2.0888668 1.5455058 1.2430419 1.4395697 2.1523948 1.6166559 2.0727682 2.1035508 2.1026735 1.2408930 1.5137483 1.6022228 1.5602092 1.5479243 1.4763892 1.4810410 2.2366883 1.5825861 1.5088310 1.9327221 1.8055768 1.5995814 1.9399225 2.2557565 1.2149992 2.1957160 9.0000000 1.4852968 1.8653214 1.7162440 
AR1                                   1.8074779 0.0000000 1.8796974 1.4237813 0.6034346 1.4235314 1.5618843 1.7777870 1.8294977 1.7538003 2.3308805 1.5785795 1.7077643 1.8543237 1.9161929 1.8291889 2.0377257 2.2788256 1.6911659 2.0035018 2.6785528 2.3019384 1.5782644 1.8526875 1.8682289 1.7786237 1.8098586 2.3739225 1.6724642 1.6884472 1.7239207 1.8751475 2.4071769 1.8467042 1.7825778 1.8753941 1.5016808 1.5015821 1.6300389 1.6079396 1.6740396 1.6853659 1.6376533 1.6545417 1.6583825 1.6791140 1.5779669 1.4795658 1.4667481 2.4438985 1.3514654 1.5999006 1.9220009 1.6838044 2.3017311 1.8264911 1.4808367 1.6755014 2.1724604 1.7290909 2.3391036 2.3165941 2.3771939 1.5640397 1.7309257 1.8011754 1.8333595 1.7318208 1.7059435 1.6725817 2.3332772 1.9818472 1.8393399 2.0380922 2.0091375 1.7991754 2.2104045 2.6018644 1.1684390 1.8723141 9.0000000 2.5467689 2.8271737 1.8437694 
AR10                                  1.7796600 1.8796974 0.0000000 1.7799000 2.0372256 1.7535838 1.5634102 1.7321506 1.7664283 1.7205805 2.3443904 1.5221505 1.7907228 1.9291242 1.7914831 1.8611673 2.0220383 2.0722415 1.8139693 0.8177339 2.4245363 2.2204856 1.5266036 1.8361655 1.7503958 1.8089324 1.7284706 2.3444378 1.7541051 1.7224645 1.8434905 1.7655836 2.4286406 1.8339765 1.5422609 1.7545699 1.5418740 1.4969222 1.5689754 1.5279469 1.6651501 1.5899294 1.5815700 1.6805150 1.5321619 1.6132987 1.4707544 1.5017389 1.4350298 2.3929493 1.6833333 1.7345330 1.9279881 1.6585399 2.3144813 1.8607102 1.5077641 1.6958889 2.0580153 1.7943514 2.3040190 2.2235062 2.2871271 1.4958496 1.7970875 1.8006408 1.8866191 1.5197255 1.6370035 1.6416506 2.3664565 1.9305229 1.6776379 2.0502714 1.9356515 1.7335382 2.0274584 2.3367169 2.1007781 1.6276861 2.6588108 1.9493999 2.2816548 1.7121659 
AR15                                  1.5132774 1.4237813 1.7799000 0.0000000 1.4931609 0.9839225 1.2918792 1.4967402 1.4647773 1.5812738 2.0252625 1.2718105 1.5330949 1.6809334 1.6757240 1.5655147 1.7746927 2.0843302 1.4903439 1.6964137 1.7857134 2.0875699 1.2593652 1.5252638 1.5866508 1.5381767 1.5709186 2.0308643 1.4660263 1.4971479 1.5694662 1.7108395 2.1414463 1.5513086 1.4466910 1.6158588 1.3153578 1.2363792 1.3270752 1.3155314 1.4573125 1.4174377 1.3298644 1.4075102 1.3183858 1.3917925 1.3462434 1.2723313 1.1852167 2.1896543 1.1060724 1.3413206 1.7404139 1.3622957 2.0656267 1.6022379 1.1820370 1.3850055 2.0633402 1.5333582 2.0825222 2.2125386 1.9903007 1.2234336 1.4898436 1.4704136 1.5980534 1.5020482 1.4583713 1.4601170 2.1025131 1.6108283 1.6069746 1.9901726 1.5730426 1.5608615 1.8391822 2.3006439 1.0728662 1.7149826 3.0324855 1.5436920 2.5764588 1.3593184 
AR19                                  1.7234982 0.6034346 2.0372256 1.4931609 0.0000000 1.5250691 1.6033594 1.8158783 1.8032466 1.6076949 2.2782633 1.5798677 1.8244179 1.9209220 1.9138818 1.8856099 2.0747959 2.3198872 1.7498913 2.0697257 2.9284520 2.3848327 1.6176677 1.9176194 1.8193153 1.9132859 1.8810457 2.3109852 1.6303793 1.7300053 1.7512575 1.9468067 2.3983996 1.8480567 1.5511054 1.9843056 1.5742115 1.5296313 1.6930625 1.6340481 1.7935762 1.7930586 1.7267908 1.7251184 1.7191126 1.7759445 1.6453153 1.5221654 1.4622263 2.3300132 1.3958198 1.7125816 1.9689467 1.6595246 2.3238171 1.8987986 1.5528474 1.6848806 2.2252963 1.8339963 2.3885390 2.2542303 2.4486593 1.5887961 1.8294740 1.9526596 1.9454898 1.6309499 1.8256183 1.8397202 2.4509763 2.0094279 1.6879343 1.7140679 1.8167816 1.7791051 2.1659437 1.9588598 1.3590051 1.8887146 9.0000000 2.6022254 1.6657510 1.9397670 
AR20                                  1.5220026 1.4235314 1.7535838 0.9839225 1.5250691 0.0000000 1.3254513 1.4887313 1.5335489 1.5930224 2.0568438 1.2640074 1.5049196 1.6902138 1.7899896 1.6484293 1.8561795 2.1355184 1.4842950 1.6843265 2.0720296 2.0784277 1.2915071 1.6088807 1.6159407 1.5984430 1.6323959 2.0039824 1.4845040 1.5203415 1.6536217 1.7611910 2.1312252 1.5521093 1.4873690 1.6468090 1.3236242 1.2302583 1.3798221 1.3261469 1.4857733 1.4498640 1.4145928 1.4599660 1.4062263 1.5023828 1.3705454 1.3165163 1.1867824 2.1916228 0.9250541 1.3484373 1.7473006 1.4024657 2.0361967 1.6115028 1.2228705 1.4031435 2.0322384 1.5281962 2.0469409 2.1842030 2.0763328 1.2344408 1.4955821 1.5751676 1.5847209 1.4642525 1.4532764 1.4421153 2.1877228 1.5957991 1.5598659 1.8339467 1.6377361 1.5608050 1.8840897 1.8962063 1.2373879 1.9159384 3.0329799 1.6328642 2.4464271 1.6014908 
Aciduliprofundum_boonei_T469          1.3349991 1.5618843 1.5634102 1.2918792 1.6033594 1.3254513 0.0000000 1.2017381 1.2563250 1.4798006 1.8162556 0.8869157 1.2517187 1.4381416 1.4806224 1.3516582 1.5469488 1.8544725 1.1770184 1.5244090 1.8392635 1.8657499 0.9074095 0.9586835 1.3580679 1.1894635 1.2056836 1.8398443 1.1670955 1.2641028 1.3269229 1.5330640 1.8452490 1.3200245 0.8161390 1.3512596 0.9315387 0.8733072 1.0294976 0.9505601 1.1435952 1.0819290 0.7776482 1.0334688 1.0059329 1.0833698 0.9506538 0.8739731 0.8249746 1.9889140 1.3190727 1.2795263 1.5297206 1.2027741 1.8371342 1.3222727 0.8629468 1.0861378 1.8458919 1.3446726 1.7944695 1.9593183 1.8398275 0.8861843 1.2292900 0.8850843 1.3387682 1.1471055 1.1458531 1.1714561 1.9717258 1.3232775 1.2694151 1.7347098 1.3571850 1.2514735 1.6949115 2.0425967 1.5629901 1.5416882 1.8586315 1.3771461 2.2361246 1.6735298 
Aeropyrum_pernix_K1                   1.5081161 1.7777870 1.7321506 1.4967402 1.8158783 1.4887313 1.2017381 0.0000000 1.3390481 1.6923615 1.8348136 1.1261787 1.1898203 1.4822094 1.4031879 1.1197937 1.5633509 1.8542364 0.7209299 1.7435717 2.0678938 1.9023458 1.1667225 1.6052980 1.2400173 1.5005205 1.5166365 1.8173705 0.7103665 1.2106845 1.2317759 1.3582219 1.8883651 1.3890379 1.3843349 1.0597717 1.1868805 1.0841939 1.3239278 1.2512174 1.4729914 1.3561793 1.3177397 1.3880284 1.2298830 1.3605465 1.2250168 1.1598290 1.1109004 2.0331071 1.5757937 1.4216943 1.5695581 1.1713821 1.9260507 1.0655036 0.9825226 0.5950028 1.8694907 0.9779169 1.9203034 2.0436539 1.8424427 0.9929220 0.9575883 1.5024777 1.0616591 1.2489407 1.2083525 1.2516608 1.9433985 1.0806311 1.4309649 1.7201186 1.3893275 1.2233209 1.6404978 1.9897937 1.1648345 1.3464403 1.6062298 1.7689914 1.7445923 1.6990343 
Aiga_0000106_J15                      1.5159681 1.8294977 1.7664283 1.4647773 1.8032466 1.5335489 1.2563250 1.3390481 0.0000000 1.5376913 2.0078364 1.2579230 1.2906644 1.3471682 0.8284396 1.3549841 1.6033344 1.9492406 1.2649512 1.7079684 2.0255247 1.8949479 1.2913932 1.5176636 1.1304989 1.5868994 1.5593956 1.9030768 1.2079200 1.3292677 1.2902228 1.4216413 2.0610961 1.4940536 1.3270070 1.2972081 1.3328622 1.2076808 1.3992247 1.3620062 1.5712404 1.5189933 1.4426510 1.5631270 1.3855681 1.3883783 1.3460843 1.2659640 1.2144724 2.0951158 1.5690682 1.3416309 1.5443295 1.2888380 2.0383612 1.3436135 1.1622520 1.1511267 1.9876472 1.2579316 1.9457162 2.0000186 2.0905879 1.1535194 1.2687677 1.4590613 1.3180156 1.3115754 1.3466083 1.3317513 2.0443584 1.2698108 1.4144604 2.0395171 1.3868034 1.2826069 1.8552726 2.5295135 9.0000000 1.4139099 9.0000000 1.6712782 1.8119715 1.4544241 
Altiarch                              1.6646795 1.7538003 1.7205805 1.5812738 1.6076949 1.5930224 1.4798006 1.6923615 1.5376913 0.0000000 2.1914700 1.4504916 1.5952693 1.7439506 1.7557502 1.7776912 1.8451966 2.2192934 1.5701147 1.8454189 1.9794010 2.1738388 1.3938061 1.7120483 1.6472382 1.6746047 1.8414316 2.2899460 1.5501516 1.5199744 1.5946894 1.7884167 2.2672821 1.7490446 1.4847991 1.6872315 1.3522113 1.3422734 1.4736263 1.4485804 1.6219704 1.6004285 1.5663061 1.6187299 1.4715672 1.5211508 1.3987840 1.3674737 1.3007182 2.3727572 1.5365519 1.6649981 1.8284808 1.5336724 2.2815749 1.7110358 1.3836926 1.6043421 2.1799691 1.6559654 2.2525230 2.1920366 2.1653036 1.3733219 1.6488326 1.6102892 1.7314909 1.6808025 1.6023459 1.5525946 2.2959331 1.7875983 1.7052165 1.8043998 1.8730152 1.6187831 2.1386471 2.2102968 9.0000000 1.9457814 2.4931248 1.4792000 2.1791339 1.7217248 
Arabidopsis_thaliana                  2.0918082 2.3308805 2.3443904 2.0252625 2.2782633 2.0568438 1.8162556 1.8348136 2.0078364 2.1914700 0.0000000 1.7612740 1.8222095 2.0237499 2.0274680 1.9984588 2.1857618 0.3608651 1.8510027 2.2204693 0.5314312 0.7619915 1.7835821 2.0835222 2.0723787 2.0782820 2.0413859 0.4528548 1.8276830 1.8551034 2.1001554 2.0594491 0.8400203 1.8712590 1.9225053 2.0111571 1.8211433 1.6614811 1.8967175 1.8296322 1.9653051 1.9264357 1.9327361 1.9143871 1.8743579 1.9378007 1.8264233 1.7410005 1.6913860 0.8312983 2.0747796 2.1106159 2.0523048 1.7055167 0.6801822 2.0437736 1.7094588 1.8003541 0.5799295 1.9608367 0.7702202 0.6772490 0.6001338 1.6964692 1.9038851 2.1203228 2.0469370 1.7972760 1.7285424 1.7152036 1.0240229 2.0139032 1.8151673 0.7328029 1.9375223 1.7181330 0.5759459 0.6192371 0.4128475 0.4849883 0.1926292 0.3933460 0.6055346 0.8155491 
Archaeoglobus_fulgidus_DSM_43         1.3242470 1.5785795 1.5221505 1.2718105 1.5798677 1.2640074 0.8869157 1.1261787 1.2579230 1.4504916 1.7612740 0.0000000 1.2146500 1.4520222 1.4178996 1.2945063 1.5022160 1.8296162 1.1924499 1.5005526 1.9433001 1.7925215 0.2933687 1.2261675 1.3293626 1.0613207 1.0830801 1.7939429 1.1123765 1.1911886 1.2080332 1.3937479 1.8670121 1.3799920 0.9809746 1.2929933 0.9270587 0.8532582 0.8469311 0.9403711 0.9627019 0.8641597 1.0229160 0.8608121 0.7782414 0.8361214 0.9723347 0.8911548 0.8068044 1.9737397 1.3357305 1.2561702 1.4795970 1.0714145 1.8015416 1.2546492 0.7874746 1.0526930 1.8542644 1.2376597 1.8355302 1.9024540 1.8105470 0.7860393 1.1823574 1.1756290 1.2277290 1.1161211 1.1687128 1.1362869 1.8573685 1.2601627 1.3537653 1.5497158 1.3700999 1.1550480 1.7440340 1.9554514 1.7392349 1.5817667 2.5433428 1.1069852 1.8977881 1.2707414 
Ca_Korarchaeum_cryptofilum_OP         1.5550089 1.7077643 1.7907228 1.5330949 1.8244179 1.5049196 1.2517187 1.1898203 1.2906644 1.5952693 1.8222095 1.2146500 0.0000000 1.5162435 1.4812873 1.3769035 1.5979956 1.8930139 1.1949399 1.7055639 1.9811742 1.8836760 1.2038689 1.5673770 1.3012635 1.5276143 1.5548796 1.8755224 1.1975769 0.9696691 0.6133344 1.1388172 1.9589467 1.4891670 1.3795222 1.3229447 1.3131739 1.1961289 1.3540128 1.3420352 1.5224900 1.4071260 1.3327053 1.4349163 1.3010912 1.4375781 1.2928406 1.2333304 1.1586725 2.0734639 1.5568804 1.4220051 1.5782009 1.2719839 1.9052119 1.3037369 1.1573591 1.1466201 1.9244951 1.3360445 1.8883274 2.0009756 1.8709626 1.1514131 1.2563249 1.4843933 1.3113181 1.2768953 1.3225417 1.3181075 1.9861771 1.3579294 1.3788477 1.7544062 1.5006655 1.3777008 1.7961093 1.9161398 1.5328541 1.4135539 2.2079773 1.5433546 2.0286105 1.9277184 
Ca_Nitrososphaera_gargensis_G         1.7298490 1.8543237 1.9291242 1.6809334 1.9209220 1.6902138 1.4381416 1.4822094 1.3471682 1.7439506 2.0237499 1.4520222 1.5162435 0.0000000 1.4663934 1.4275032 0.8504833 2.0332458 1.4278131 1.8420964 2.1668628 1.9945468 1.4666222 1.7219751 1.4699844 1.6702057 1.7596941 2.0899621 1.3952572 1.5017789 1.6068730 1.6928501 2.0775153 1.5888530 1.6521550 1.5146548 1.4277185 1.4007282 1.4616424 1.4757464 1.5609305 1.5405701 1.5244801 1.5540374 1.4387261 1.4909817 1.4304884 1.4036661 1.3960147 2.2111592 1.6714620 1.7260958 0.7932273 1.3724167 2.1197411 1.3902683 1.3982891 1.3596767 2.1405536 1.4322256 2.0079924 2.1477890 1.9682417 1.3823841 1.3421203 1.6077065 1.3850626 1.4698609 1.3890335 1.4194705 2.1371117 1.4623188 1.6459319 1.5462727 1.6206121 1.4103098 1.9455206 2.5829330 1.4473736 1.5356816 3.1212592 1.9410286 2.0101865 1.5198929 
Caldiarchaeum_subterraneum            1.7568311 1.9161929 1.7914831 1.6757240 1.9138818 1.7899896 1.4806224 1.4031879 0.8284396 1.7557502 2.0274680 1.4178996 1.4812873 1.4663934 0.0000000 1.5349349 1.6036765 1.9966157 1.3695851 1.8444613 2.0041255 2.0165932 1.4778690 1.7703912 1.4154736 1.6911993 1.5784151 2.0130907 1.3873680 1.5142205 1.4753583 1.4844727 2.2178582 1.5790333 1.6099480 1.4637829 1.4816878 1.3580055 1.5310960 1.4979834 1.6738945 1.5964019 1.5546932 1.6220230 1.4438677 1.6224999 1.4775630 1.4421519 1.3460421 2.1313610 1.6473791 1.6325033 1.6092798 1.4078504 2.1244755 1.4481215 1.3718410 1.3415961 2.0230315 1.4303369 2.0352928 1.9841268 2.0753030 1.3358891 1.3934690 1.6734581 1.4260436 1.4755617 1.4547090 1.4797510 2.0774173 1.5565134 1.4396933 1.6633033 1.5225743 1.2622194 1.9180242 2.0331588 2.6302593 1.3767296 1.7923916 1.5137416 1.9616434 1.7353286 
Caldivirga_maquilingensis_IC          1.6199383 1.8291889 1.8611673 1.5655147 1.8856099 1.6484293 1.3516582 1.1197937 1.3549841 1.7776912 1.9984588 1.2945063 1.3769035 1.4275032 1.5349349 0.0000000 1.6102217 1.9639381 1.1258739 1.7831065 2.1405025 2.0026201 1.3200556 1.6630809 1.2006900 1.6087595 1.6380001 1.9701253 1.0339862 1.3788887 1.5247520 1.5525511 2.0383333 1.6009860 1.4819272 1.2385012 1.3772518 1.3124754 1.4767866 1.4047418 1.5705243 1.4982377 1.4135222 1.5364019 1.4144140 1.4762940 1.4180540 1.3199625 1.2699540 2.2203025 1.7322136 1.5185396 1.6147902 1.2543824 2.0900024 0.7378927 1.1773235 1.0286148 2.0476844 1.2147532 2.0170264 2.1477950 1.9720598 1.2051189 1.0211912 1.5551226 0.7322440 1.4085655 1.3819180 1.3832709 2.0500659 0.6711244 1.5429720 1.7380163 1.5300938 1.2985658 1.8899580 2.0212465 1.1869495 1.5017045 2.1463562 1.8912139 2.0700120 1.4804587 
Cenarchaeum_symbiosum_A               1.8325421 2.0377257 2.0220383 1.7746927 2.0747959 1.8561795 1.5469488 1.5633509 1.6033344 1.8451966 2.1857618 1.5022160 1.5979956 0.8504833 1.6036765 1.6102217 0.0000000 2.1876029 1.5269286 1.9153117 2.4826610 2.1589526 1.5273841 1.8188081 1.6069560 1.7491579 1.8058686 2.1877668 1.5063924 1.6184610 1.7569159 1.7549539 2.1288361 1.7106153 1.7762197 1.5935689 1.5243898 1.5281337 1.5185336 1.5860954 1.6723381 1.6755649 1.5995499 1.6780935 1.5577433 1.6702714 1.5673504 1.5185866 1.4913935 2.3248744 1.8627912 1.8739307 0.3978456 1.4963870 2.2373065 1.5387850 1.4668213 1.4748019 2.2181543 1.5688525 2.1342688 2.2296729 2.0894177 1.4854862 1.4668877 1.6900088 1.4897818 1.4991616 1.4521884 1.4730917 2.2706685 1.6044983 1.7059116 1.6648653 1.6477539 1.5373893 2.0892224 2.7030281 1.7709084 1.6370769 2.8441126 1.7459418 2.0738142 1.7139056 
Chlamydomonas_reinhardtii             2.1394222 2.2788256 2.0722415 2.0843302 2.3198872 2.1355184 1.8544725 1.8542364 1.9492406 2.2192934 0.3608651 1.8296162 1.8930139 2.0332458 1.9966157 1.9639381 2.1876029 0.0000000 1.8186589 2.1834000 0.4219110 0.7794027 1.8207650 2.1180163 2.0217702 2.1015133 1.9207213 0.4857510 1.8405296 1.8954313 2.0458088 1.9158291 0.8572524 1.9317504 1.9331486 2.0066003 1.8232036 1.6886445 1.9241325 1.8258872 2.0037558 1.9389672 1.9346615 1.9810697 1.8600166 1.9721387 1.8608759 1.7666774 1.7424186 0.7715746 2.0474870 2.1686940 2.0843225 1.7028771 0.6946916 1.9951886 1.7172293 1.7693474 0.5841874 1.9523898 0.7915148 0.5707975 0.6033686 1.7354195 1.8734974 2.0783254 2.0387859 1.8019189 1.7535626 1.7435720 1.0024504 1.9921424 1.7235257 0.7401766 1.8859509 1.8498356 0.5308223 0.8083344 0.3981457 0.5858111 0.2953574 0.4763678 0.5797495 0.7339827 
Desulfurococcus_kamchatkensis         1.5520901 1.6911659 1.8139693 1.4903439 1.7498913 1.4842950 1.1770184 0.7209299 1.2649512 1.5701147 1.8510027 1.1924499 1.1949399 1.4278131 1.3695851 1.1258739 1.5269286 1.8186589 0.0000000 1.6961664 2.1431249 1.8408832 1.1857675 1.5834842 1.2272148 1.5223020 1.5581002 1.8646525 0.6928873 1.2558228 1.2238947 1.3482235 1.9567381 1.3094632 1.3213626 0.9906359 1.2271120 1.1153133 1.2708010 1.2583393 1.5290581 1.3640873 1.2915566 1.4284539 1.2639967 1.3589171 1.2532976 1.1630589 1.0900103 2.0582477 1.5988406 1.4552755 1.4816926 1.1092922 1.9177217 1.0744264 1.0063763 0.5876472 1.8658295 0.8708164 1.9110325 2.0367411 1.8835742 1.0042909 0.9438316 1.4396643 1.0299812 1.1756543 1.1743312 1.2231410 1.9579305 1.0464048 1.3888413 1.8854687 1.3576937 1.2151925 1.6440874 1.9544044 1.2943625 1.4874420 1.8889627 1.7030124 1.8489752 1.7281044 
Diapher_AAA011_E11                    1.8728522 2.0035018 0.8177339 1.6964137 2.0697257 1.6843265 1.5244090 1.7435717 1.7079684 1.8454189 2.2204693 1.5005526 1.7055639 1.8420964 1.8444613 1.7831065 1.9153117 2.1834000 1.6961664 0.0000000 2.6999953 2.1838686 1.4925889 1.8050336 1.8661670 1.7489245 1.6741045 2.1651573 1.6829710 1.7391512 1.8669882 1.8509788 2.2750820 1.6986196 1.5129342 1.7199147 1.4984557 1.4864722 1.5087765 1.4508501 1.6616710 1.6151343 1.5837861 1.6509653 1.5238095 1.5561547 1.4650801 1.4635031 1.4213848 2.3332717 1.7101873 1.6997092 1.7962035 1.6106136 2.1972079 1.7095121 1.4884497 1.6146693 2.0833669 1.7355950 2.1910610 2.2516019 2.1927328 1.4790653 1.7154312 1.7320000 1.7592236 1.5305888 1.5625490 1.5449328 2.2940319 1.7675350 1.7605010 1.9058560 1.7787586 1.5924082 2.1555307 2.4532548 2.0922007 1.5636166 1.9598242 1.7150269 2.3779217 1.3542128 
Dictyostelium_discoideum_Tvaginalis   2.0125269 2.6785528 2.4245363 1.7857134 2.9284520 2.0720296 1.8392635 2.0678938 2.0255247 1.9794010 0.5314312 1.9433001 1.9811742 2.1668628 2.0041255 2.1405025 2.4826610 0.4219110 2.1431249 2.6999953 0.0000000 0.6809983 1.8727087 2.1756498 2.4579126 1.8059736 1.8222842 0.4909125 2.1719604 1.7357132 1.8815495 2.0572757 0.6392918 2.1216807 2.0273210 2.1859568 1.9999771 1.7810593 2.1971349 1.9274509 1.9220537 2.0246237 2.1770904 1.9936079 1.8052068 1.9664558 1.9746402 1.8180753 1.7150340 0.6587374 1.8858932 2.2338135 2.2741330 2.2425369 0.6131456 2.2532199 1.8887411 1.9499945 0.5288529 2.1279956 0.5748065 0.5683882 0.5025008 1.8723722 2.2694422 2.0745571 2.1878215 2.1710140 2.1042254 2.2109140 0.7764562 2.3650159 1.7781820 9.0000000 2.0004097 2.2056252 9.0000000 9.0000000 9.0000000 9.0000000 9.0000000 9.0000000 9.0000000 9.0000000 
Entamoeba_histolytica_HM_1_IM         2.1010573 2.3019384 2.2204856 2.0875699 2.3848327 2.0784277 1.8657499 1.9023458 1.8949479 2.1738388 0.7619915 1.7925215 1.8836760 1.9945468 2.0165932 2.0026201 2.1589526 0.7794027 1.8408832 2.1838686 0.6809983 0.0000000 1.7981674 2.0429848 2.1484863 2.0431785 2.0597075 0.7745661 1.8464890 1.9104544 1.9974761 2.1161546 0.9995317 1.9376311 1.9020647 1.9852056 1.7581011 1.6427704 1.9277736 1.8382819 1.9968067 1.9480590 1.9906645 1.9402841 1.8801413 1.9640520 1.7891391 1.7207825 1.7108984 1.0011139 2.0817841 2.0856467 2.0057418 1.8252217 0.8994660 1.9848829 1.7953859 1.8076933 0.8416580 1.9248197 0.8901890 0.9502314 0.8478721 1.7481036 1.8843076 2.0458452 1.9619038 1.9355270 1.8136979 1.7985609 1.0901922 1.9943264 1.9338583 0.7289431 1.9694076 1.7976432 0.7883846 0.8914596 0.4509231 0.5544000 0.4089379 0.6413049 0.9409338 1.0281215 
Ferroglobus_placidus_DSM_1064         1.3906203 1.5782644 1.5266036 1.2593652 1.6176677 1.2915071 0.9074095 1.1667225 1.2913932 1.3938061 1.7835821 0.2933687 1.2038689 1.4666222 1.4778690 1.3200556 1.5273841 1.8207650 1.1857675 1.4925889 1.8727087 1.7981674 0.0000000 1.2429226 1.3629326 1.0886376 1.0863679 1.7781357 1.1262738 1.2086798 1.2522933 1.3497826 1.9110496 1.3672375 0.9735851 1.3314197 0.9255902 0.8439431 0.8803718 0.9563465 0.9811460 0.8940858 1.0365038 0.9073504 0.7935727 0.8452118 0.9893922 0.8705368 0.8124907 1.9685649 1.3392494 1.2493226 1.4833937 1.0988384 1.8195895 1.2808810 0.7977237 1.0651232 1.8567685 1.2509672 1.8616597 1.9398441 1.8166430 0.7960827 1.1868122 1.1930049 1.2419029 1.1385008 1.1946970 1.1770746 1.9058446 1.2866642 1.3749406 1.6647696 1.3697926 1.2363205 1.7720184 1.8890216 1.7386479 1.6573636 2.4427969 1.3217651 1.7650540 1.2851176 
Ferroplasma_acidarmanus_fer1          1.6056082 1.8526875 1.8361655 1.5252638 1.9176194 1.6088807 0.9586835 1.6052980 1.5176636 1.7120483 2.0835222 1.2261675 1.5673770 1.7219751 1.7703912 1.6630809 1.8188081 2.1180163 1.5834842 1.8050336 2.1756498 2.0429848 1.2429226 0.0000000 1.6835573 1.5532721 1.6126765 2.0829674 1.6074096 1.5507538 1.7386499 1.7150777 2.1652140 1.6786295 1.1793494 1.6277007 1.2450941 1.1961210 1.3731053 1.2618751 1.4169117 1.3683930 1.1366630 1.3772884 1.2970397 1.3868010 1.3183512 1.2319609 1.1807560 2.3401981 1.6108641 1.5632763 1.8000679 1.4556686 2.1367181 1.6474828 1.2668329 1.5269741 2.1557594 1.5746465 2.0505823 2.2072669 2.1147817 1.2910807 1.5983260 0.6533135 1.6308372 1.5356483 1.5772767 1.5116585 2.1496293 1.7355181 1.6629557 1.8470570 1.7676325 1.5545109 1.9540425 2.3913668 2.2079192 1.6809097 1.8955803 1.9152572 2.3176954 1.8767851 
Geo_AAA471_B05                        1.6024721 1.8682289 1.7503958 1.5866508 1.8193153 1.6159407 1.3580679 1.2400173 1.1304989 1.6472382 2.0723787 1.3293626 1.3012635 1.4699844 1.4154736 1.2006900 1.6069560 2.0217702 1.2272148 1.8661670 2.4579126 2.1484863 1.3629326 1.6835573 0.0000000 1.6078449 1.5967785 2.1495101 1.1464376 1.2601821 1.3413799 1.4581075 2.2366741 1.4959501 1.5252247 1.2528148 1.3524647 1.2997623 1.4541995 1.4417598 1.5940019 1.5750633 1.4327066 1.5526984 1.3979603 1.5176388 1.3489962 1.3386767 1.2439931 2.3821627 1.6325386 1.5683026 1.5711372 1.2707879 2.1022334 1.1849603 1.2029342 1.1013049 2.1249079 1.2412377 2.1646505 2.1257805 2.0752134 1.2555757 1.1028220 1.5202214 1.2013333 1.3646915 1.3470344 1.3004453 2.2066019 1.2428278 1.5108168 1.8143258 1.6259677 1.2319796 2.1687675 1.8833629 1.5111167 1.4526918 1.9662984 1.8055140 2.1933031 2.0811624 
Haloarcula_marismortui_ATCC_4         1.6842301 1.7786237 1.8089324 1.5381767 1.9132859 1.5984430 1.1894635 1.5005205 1.5868994 1.6746047 2.0782820 1.0613207 1.5276143 1.6702057 1.6911993 1.6087595 1.7491579 2.1015133 1.5223020 1.7489245 1.8059736 2.0431785 1.0886376 1.5532721 1.6078449 0.0000000 0.3971208 2.0645632 1.4705939 1.5704030 1.5957244 1.7532351 2.1417950 1.6092523 1.3083830 1.6059871 1.1424749 1.2038761 1.0175307 1.2146162 1.1053369 1.0563231 1.2214639 1.0438591 1.0325398 1.0235186 1.1890218 1.0975246 1.0842420 2.1740864 1.6250090 1.6165834 1.7346635 1.4001801 2.1273448 1.5856604 1.2620794 1.4084138 2.0830975 1.5903739 2.1716317 2.2025015 2.0442548 1.2213020 1.4897061 1.5091536 1.5790818 1.3401487 1.3530643 1.3658514 2.2027941 1.6265197 1.5590141 1.9234822 1.5900381 1.3080127 1.9604383 1.9673552 2.9832041 1.7714990 1.8206524 1.6542306 1.9038571 1.6325161 
Haloferax_volcanii_DS2                1.7186004 1.8098586 1.7284706 1.5709186 1.8810457 1.6323959 1.2056836 1.5166365 1.5593956 1.8414316 2.0413859 1.0830801 1.5548796 1.7596941 1.5784151 1.6380001 1.8058686 1.9207213 1.5581002 1.6741045 1.8222842 2.0597075 1.0863679 1.6126765 1.5967785 0.3971208 0.0000000 2.0537071 1.4471174 1.5628026 1.5920892 1.6002445 2.1256183 1.6477870 1.3371460 1.6189948 1.1516945 1.2011394 1.0545485 1.2051202 1.0997864 1.0606686 1.2271738 1.0493984 1.0585595 1.0216881 1.1844161 1.1030079 1.0824219 2.1804921 1.5609306 1.6524847 1.7748682 1.4167975 2.1096175 1.6244160 1.2666092 1.4072093 1.8637743 1.6351569 2.1379914 1.9455881 2.0773002 1.2277471 1.5057877 1.5677031 1.5947367 1.3457077 1.3991074 1.3664457 2.1708121 1.6214410 1.5070928 1.9256278 1.6788018 1.3194339 1.9872220 2.1289095 1.4563877 1.8382420 1.6949735 1.3955705 2.2244110 1.5283673 
Homo_sapiens                          2.1307476 2.3739225 2.3444378 2.0308643 2.3109852 2.0039824 1.8398443 1.8173705 1.9030768 2.2899460 0.4528548 1.7939429 1.8755224 2.0899621 2.0130907 1.9701253 2.1877668 0.4857510 1.8646525 2.1651573 0.4909125 0.7745661 1.7781357 2.0829674 2.1495101 2.0645632 2.0537071 0.0000000 1.8230281 1.8953408 2.0300998 2.0169425 0.8832886 1.9001155 1.9112984 2.0258514 1.8059320 1.6714967 1.8688362 1.8479808 1.9646679 1.8762131 1.9356201 1.9150030 1.8186480 1.9437808 1.8344447 1.7546373 1.6913868 0.8166635 2.0893026 2.1514172 2.0693824 1.7619656 0.6537849 1.9890416 1.7218647 1.7803787 0.5257427 1.9185374 0.7552129 0.6651893 0.5904448 1.7065701 1.8756189 2.1136939 1.9564061 1.9678112 1.8289583 1.8308695 0.9988921 1.9874349 1.8217544 0.6092695 1.9307305 1.7685990 0.5627335 0.7061840 0.4076556 0.4889760 0.1991085 0.5988684 0.5769641 0.6762931 
Ignicoccus_hospitalis_KIN4_I          1.5040753 1.6724642 1.7541051 1.4660263 1.6303793 1.4845040 1.1670955 0.7103665 1.2079200 1.5501516 1.8276830 1.1123765 1.1975769 1.3952572 1.3873680 1.0339862 1.5063924 1.8405296 0.6928873 1.6829710 2.1719604 1.8464890 1.1262738 1.6074096 1.1464376 1.4705939 1.4471174 1.8230281 0.0000000 1.1502070 1.1981759 1.3689558 1.9517196 1.3442038 1.2772541 0.9722517 1.1638494 1.0347779 1.2905855 1.1726003 1.4848400 1.3665192 1.2258793 1.3729320 1.2558743 1.3269941 1.1888194 1.1264203 1.0401869 2.0881041 1.5265718 1.3659187 1.4905763 1.1556217 1.9235590 1.0381995 0.9632114 0.5358188 1.8866061 0.9122146 1.8931421 2.0149993 1.8237418 0.9776290 0.9211386 1.4656229 1.0160498 1.1439896 1.1761482 1.1764075 1.9221548 1.0137821 1.4168911 1.5780389 1.3975678 1.2105751 1.7733849 1.8901173 1.2986406 1.2796172 1.9198015 1.5318465 1.8574067 1.5667863 
Kor1                                  1.6127719 1.6884472 1.7224645 1.4971479 1.7300053 1.5203415 1.2641028 1.2106845 1.3292677 1.5199744 1.8551034 1.1911886 0.9696691 1.5017789 1.5142205 1.3788887 1.6184610 1.8954313 1.2558228 1.7391512 1.7357132 1.9104544 1.2086798 1.5507538 1.2601821 1.5704030 1.5628026 1.8953408 1.1502070 0.0000000 1.0432392 1.1037565 1.9741477 1.4346482 1.4228029 1.4017822 1.2900255 1.1375040 1.3600475 1.3092851 1.4735292 1.3987189 1.3535802 1.3908341 1.2889058 1.3814563 1.2569323 1.2675151 1.1647894 2.0156841 1.5571547 1.4477062 1.6018683 1.2579188 1.9261397 1.3573580 1.1429276 1.0899386 1.9991512 1.3176986 1.9430070 2.0406684 1.8642829 1.1607379 1.2909397 1.4866253 1.3553453 1.3716240 1.3371277 1.3299203 1.9729825 1.3998485 1.4084376 1.4884669 1.5788788 1.4261029 1.6597650 2.0729343 1.6435974 1.4588208 2.7554991 1.2593512 2.3768188 2.0724530 
Kor2                                  1.6542752 1.7239207 1.8434905 1.5694662 1.7512575 1.6536217 1.3269229 1.2317759 1.2902228 1.5946894 2.1001554 1.2080332 0.6133344 1.6068730 1.4753583 1.5247520 1.7569159 2.0458088 1.2238947 1.8669882 1.8815495 1.9974761 1.2522933 1.7386499 1.3413799 1.5957244 1.5920892 2.0300998 1.1981759 1.0432392 0.0000000 1.1739508 2.1224713 1.5988143 1.3655366 1.4314176 1.3794339 1.2071533 1.3916059 1.4375404 1.6191324 1.4583872 1.4110196 1.5231291 1.3714392 1.3971235 1.3636940 1.3127495 1.2291415 2.0722512 1.6002109 1.5517911 1.6584303 1.3828954 2.0211180 1.4251404 1.1847314 1.1724102 2.0651446 1.4060944 2.0217198 1.9389717 2.1014410 1.1705567 1.3376925 1.5340172 1.4641352 1.2013999 1.4221020 1.3754698 2.1455577 1.4435649 1.4544106 1.7831743 1.5252999 1.4476127 1.6541083 2.2804743 1.4658003 1.5058039 2.6858343 1.8273806 1.8617395 1.4506899 
Kor3                                  1.6731844 1.8751475 1.7655836 1.7108395 1.9468067 1.7611910 1.5330640 1.3582219 1.4216413 1.7884167 2.0594491 1.3937479 1.1388172 1.6928501 1.4844727 1.5525511 1.7549539 1.9158291 1.3482235 1.8509788 2.0572757 2.1161546 1.3497826 1.7150777 1.4581075 1.7532351 1.6002445 2.0169425 1.3689558 1.1037565 1.1739508 0.0000000 2.2053713 1.6296143 1.6761431 1.4992804 1.5178867 1.2961184 1.5806595 1.5277317 1.7064169 1.6531572 1.5367599 1.6595790 1.4317006 1.5737579 1.5567885 1.4765593 1.3670917 2.0646738 1.6852436 1.6395693 1.7488138 1.4859296 2.0856329 1.4437143 1.3171526 1.2540823 1.8779448 1.4480995 2.1783593 1.9927162 2.0661845 1.3366103 1.3923268 1.6696830 1.4737548 1.4610009 1.5078401 1.4787133 2.0918300 1.5095027 1.4623398 1.7768452 1.7880080 1.4029501 1.6077728 2.2797920 1.3315813 1.4211905 2.8096458 1.5646471 2.1955873 1.8641638 
Leishmania_infantum                   2.2026602 2.4071769 2.4286406 2.1414463 2.3983996 2.1312252 1.8452490 1.8883651 2.0610961 2.2672821 0.8400203 1.8670121 1.9589467 2.0775153 2.2178582 2.0383333 2.1288361 0.8572524 1.9567381 2.2750820 0.6392918 0.9995317 1.9110496 2.1652140 2.2366741 2.1417950 2.1256183 0.8832886 1.9517196 1.9741477 2.1224713 2.2053713 0.0000000 2.0620393 2.0012701 2.0685588 1.8655186 1.7451430 1.9582091 1.8658471 1.9672370 1.9879747 1.9795057 1.9804415 1.9016447 2.0011125 1.8724968 1.8537479 1.7759747 1.0095298 2.1696401 2.2523585 2.0323669 1.9380164 1.0196377 2.0489573 1.7994785 1.8416058 0.9299300 2.0380834 0.9768397 0.9876985 0.9097906 1.7987549 2.0037996 2.1261924 2.0824222 1.8882390 1.7897359 1.8153446 1.1367653 2.0605092 1.9548951 0.8411235 2.0265153 1.7931205 0.7997981 1.0964833 0.7622398 0.7325892 0.4789460 0.5249666 1.0881286 0.5968328 
Loki                                  1.6755890 1.8467042 1.8339765 1.5513086 1.8480567 1.5521093 1.3200245 1.3890379 1.4940536 1.7490446 1.8712590 1.3799920 1.4891670 1.5888530 1.5790333 1.6009860 1.7106153 1.9317504 1.3094632 1.6986196 2.1216807 1.9376311 1.3672375 1.6786295 1.4959501 1.6092523 1.6477870 1.9001155 1.3442038 1.4346482 1.5988143 1.6296143 2.0620393 0.0000000 1.4288219 1.4581201 1.2565511 1.2781717 1.4477319 1.3588041 1.5762888 1.4821490 1.4254909 1.4999980 1.4074355 1.4238926 1.3190714 1.2650382 1.1812670 2.0793736 1.6087825 1.6353895 1.6967676 1.2342092 1.9363556 1.5484792 1.2567790 1.2800745 1.9440658 1.4476771 1.9293926 1.9841467 1.8599273 1.2423250 1.4030111 1.5862809 1.5788847 1.2101262 1.1912271 1.1877750 2.1118083 1.5516687 1.3887633 1.4930842 1.0435011 1.2561203 1.7036807 2.2377596 1.3437386 1.3578686 2.0217682 1.4523992 2.1671985 2.4823887 
MBGD_SCGC_AB539N05                    1.4118016 1.7825778 1.5422609 1.4466910 1.5511054 1.4873690 0.8161390 1.3843349 1.3270070 1.4847991 1.9225053 0.9809746 1.3795222 1.6521550 1.6099480 1.4819272 1.7762197 1.9331486 1.3213626 1.5129342 2.0273210 1.9020647 0.9735851 1.1793494 1.5252247 1.3083830 1.3371460 1.9112984 1.2772541 1.4228029 1.3655366 1.6761431 2.0012701 1.4288219 0.0000000 1.4558210 0.9882944 0.9876893 1.0761500 1.0010237 1.2354170 1.1721034 0.8238630 1.1188777 1.0591643 1.0762808 1.0042312 0.9596150 0.9427561 2.0851787 1.4559689 1.4876500 1.7357749 1.3098097 1.9392601 1.3950408 0.9795122 1.2525432 1.8801878 1.4080505 1.8621191 1.9888488 1.9909218 0.9921584 1.3798361 1.1347324 1.3958466 1.1950409 1.2673347 1.2472062 2.0287211 1.3558186 1.4019529 1.7344247 1.4478048 1.2758185 1.7589279 1.9279184 1.7992087 1.6471007 3.0936118 1.4739156 1.9068300 1.4125800 
Metallosphaera_cuprina_Ar_4           1.6292930 1.8753941 1.7545699 1.6158588 1.9843056 1.6468090 1.3512596 1.0597717 1.2972081 1.6872315 2.0111571 1.2929933 1.3229447 1.5146548 1.4637829 1.2385012 1.5935689 2.0066003 0.9906359 1.7199147 2.1859568 1.9852056 1.3314197 1.6277007 1.2528148 1.6059871 1.6189948 2.0258514 0.9722517 1.4017822 1.4314176 1.4992804 2.0685588 1.4581201 1.4558210 0.0000000 1.3264272 1.2416835 1.4686434 1.3402575 1.5918294 1.4727616 1.3600006 1.4892991 1.3879074 1.4157834 1.3267772 1.2884600 1.2385412 2.1317107 1.6718549 1.5723822 1.5529099 1.2742117 2.0415649 1.2052295 1.2049613 0.9396101 2.0894646 0.5794504 2.0350011 2.1916116 2.0290814 1.2255541 1.1474754 1.5516034 1.2044207 1.2984345 1.3402922 1.3622879 2.0727313 1.2217970 1.5439244 1.8073707 1.5398231 1.3961483 1.8117760 2.1257360 1.8406320 1.3358939 1.8970087 1.7723320 2.2263258 1.7747773 
Methanobacterium_AL_21                1.3073189 1.5016808 1.5418740 1.3153578 1.5742115 1.3236242 0.9315387 1.1868805 1.3328622 1.3522113 1.8211433 0.9270587 1.3131739 1.4277185 1.4816878 1.3772518 1.5243898 1.8232036 1.2271120 1.4984557 1.9999771 1.7581011 0.9255902 1.2450941 1.3524647 1.1424749 1.1516945 1.8059320 1.1638494 1.2900255 1.3794339 1.5178867 1.8655186 1.2565511 0.9882944 1.3264272 0.0000000 0.8199962 0.9982506 0.8545068 1.0439740 1.0424223 1.0244790 1.0044232 0.9602648 0.9738320 0.4410106 0.3411424 0.4900610 1.9499403 1.3050048 1.4343383 1.4614077 1.1018829 1.8236954 1.3622177 0.8559779 1.1036114 1.8175077 1.2520098 1.7740716 1.8856843 1.7910524 0.8368440 1.2386420 1.2273110 1.3299194 1.1439234 1.1100357 1.1340306 1.8498548 1.3689077 1.2216786 1.4915233 1.2896984 1.1806380 1.5715661 1.9951426 0.9533350 1.4209022 2.7062594 1.5497292 1.9331663 1.3195827 
Methanocaldococcus_jannaschii         1.2442733 1.5015821 1.4969222 1.2363792 1.5296313 1.2302583 0.8733072 1.0841939 1.2076808 1.3422734 1.6614811 0.8532582 1.1961289 1.4007282 1.3580055 1.3124754 1.5281337 1.6886445 1.1153133 1.4864722 1.7810593 1.6427704 0.8439431 1.1961210 1.2997623 1.2038761 1.2011394 1.6714967 1.0347779 1.1375040 1.2071533 1.2961184 1.7451430 1.2781717 0.9876893 1.2416835 0.8199962 0.0000000 0.9786327 0.4981027 1.0720716 1.0200268 0.9806719 0.9911781 0.9239044 0.9357113 0.8594210 0.7564677 0.7017897 1.8148899 1.2728829 1.2153842 1.4817628 1.0666987 1.7161380 1.2838195 0.7297997 0.9579001 1.7413365 1.2085970 1.7112297 1.7980015 1.7051307 0.7605374 1.1542028 1.1752665 1.3003595 1.1093315 1.1069517 1.0972398 1.7879225 1.3068881 1.1942898 1.8200037 1.2514758 1.2528387 1.4909441 1.9804123 0.8479602 1.4449174 1.9594974 1.2839749 1.7561027 1.2413585 
Methanocella_paludicola_SANAE         1.4275928 1.6300389 1.5689754 1.3270752 1.6930625 1.3798221 1.0294976 1.3239278 1.3992247 1.4736263 1.8967175 0.8469311 1.3540128 1.4616424 1.5310960 1.4767866 1.5185336 1.9241325 1.2708010 1.5087765 2.1971349 1.9277736 0.8803718 1.3731053 1.4541995 1.0175307 1.0545485 1.8688362 1.2905855 1.3600475 1.3916059 1.5806595 1.9582091 1.4477319 1.0761500 1.4686434 0.9982506 0.9786327 0.0000000 1.0052652 0.8644566 0.7934276 1.0103189 0.8437464 0.7205665 0.7723773 1.0334525 0.9627316 0.9520675 2.0599207 1.4589403 1.4635715 1.4927040 1.2082902 2.0074701 1.4461260 0.9749940 1.2372929 1.9207193 1.3759843 1.9414788 2.0300045 1.9081425 0.9599410 1.3145585 1.2708326 1.4191107 1.2103544 1.2324813 1.2281094 2.0889276 1.4781275 1.3673777 1.6739218 1.4392560 1.2488790 1.7880400 2.0089654 1.6177641 1.8616396 1.4271866 1.1152611 1.8927951 1.2008999 
Methanococcus_maripaludis_C6          1.3043579 1.6079396 1.5279469 1.3155314 1.6340481 1.3261469 0.9505601 1.2512174 1.3620062 1.4485804 1.8296322 0.9403711 1.3420352 1.4757464 1.4979834 1.4047418 1.5860954 1.8258872 1.2583393 1.4508501 1.9274509 1.8382819 0.9563465 1.2618751 1.4417598 1.2146162 1.2051202 1.8479808 1.1726003 1.3092851 1.4375404 1.5277317 1.8658471 1.3588041 1.0010237 1.3402575 0.8545068 0.4981027 1.0052652 0.0000000 1.0830788 1.0267805 1.0259732 1.0417732 1.0157494 0.9682429 0.8407970 0.8222287 0.8298605 1.9741621 1.4014001 1.3981175 1.5349027 1.1930870 1.9275415 1.3575434 0.8879606 1.1379989 1.8776429 1.3074042 1.8684641 1.9649889 1.8238625 0.8959579 1.2817624 1.2649042 1.3711341 1.1863307 1.1690977 1.1627510 1.9634772 1.3890471 1.3182607 1.8243993 1.3181453 1.2904777 1.6142431 2.0836946 1.1059112 1.7461750 1.8698318 1.4543549 1.8835368 1.6088881 
Methanocorpusculum_labreanum          1.4543251 1.6740396 1.6651501 1.4573125 1.7935762 1.4857733 1.1435952 1.4729914 1.5712404 1.6219704 1.9653051 0.9627019 1.5224900 1.5609305 1.6738945 1.5705243 1.6723381 2.0037558 1.5290581 1.6616710 1.9220537 1.9968067 0.9811460 1.4169117 1.5940019 1.1053369 1.0997864 1.9646679 1.4848400 1.4735292 1.6191324 1.7064169 1.9672370 1.5762888 1.2354170 1.5918294 1.0439740 1.0720716 0.8644566 1.0830788 0.0000000 0.5381246 1.1088909 0.5603875 0.8970322 0.8355514 1.0885235 1.0311884 1.0276147 2.0635090 1.5549748 1.6512539 1.6190541 1.3076891 2.0546180 1.5605871 1.1705531 1.3768572 2.0365594 1.5162022 2.0456159 2.0487946 1.9539935 1.1366705 1.4994460 1.3880911 1.5353907 1.3048416 1.3539896 1.3293028 2.0428585 1.5727112 1.4542054 1.8144890 1.5925197 1.5864756 1.8920409 1.9089531 1.7766918 1.8430789 2.1915200 1.6165378 2.2199304 1.2840984 
Methanoculleus_marisnigri_JR1         1.4486634 1.6853659 1.5899294 1.4174377 1.7930586 1.4498640 1.0819290 1.3561793 1.5189933 1.6004285 1.9264357 0.8641597 1.4071260 1.5405701 1.5964019 1.4982377 1.6755649 1.9389672 1.3640873 1.6151343 2.0246237 1.9480590 0.8940858 1.3683930 1.5750633 1.0563231 1.0606686 1.8762131 1.3665192 1.3987189 1.4583872 1.6531572 1.9879747 1.4821490 1.1721034 1.4727616 1.0424223 1.0200268 0.7934276 1.0267805 0.5381246 0.0000000 1.0809642 0.4663935 0.7957762 0.8065679 1.0368936 0.9815362 0.9661362 2.0491326 1.5958440 1.5674170 1.5942770 1.2408276 1.9783191 1.4952376 1.0571676 1.2520895 1.9753049 1.4454302 2.0293766 2.0251913 1.8818920 1.0380996 1.4064155 1.3094968 1.4466830 1.2159893 1.2698125 1.2495306 1.9833370 1.4993350 1.4017980 1.8839400 1.4622357 1.5181360 1.7897508 2.0563899 1.7428062 1.7514078 2.5257849 1.4859476 2.1644552 1.2378185 
Methanomassiliicoccus_lu_B10          1.3506565 1.6376533 1.5815700 1.3298644 1.7267908 1.4145928 0.7776482 1.3177397 1.4426510 1.5663061 1.9327361 1.0229160 1.3327053 1.5244801 1.5546932 1.4135222 1.5995499 1.9346615 1.2915566 1.5837861 2.1770904 1.9906645 1.0365038 1.1366630 1.4327066 1.2214639 1.2271738 1.9356201 1.2258793 1.3535802 1.4110196 1.5367599 1.9795057 1.4254909 0.8238630 1.3600006 1.0244790 0.9806719 1.0103189 1.0259732 1.1088909 1.0809642 0.0000000 1.0683489 0.9924817 1.0570642 1.0553677 0.9822570 0.9377209 2.0696526 1.4302976 1.4596666 1.5880267 1.2654875 2.0066209 1.3689747 0.9875256 1.2215944 1.9933201 1.3643041 1.9405044 1.9939641 1.8977620 0.9869602 1.3569193 1.1039105 1.3707198 1.2412668 1.2370863 1.2506855 2.0555766 1.4081391 1.3749711 1.8520046 1.4696987 1.2908124 1.8293045 1.8891242 1.6030677 1.7116114 2.1076125 1.2624173 2.0271523 1.3849196 
Methanoplanus_petrolearius_DS         1.4227304 1.6545417 1.6805150 1.4075102 1.7251184 1.4599660 1.0334688 1.3880284 1.5631270 1.6187299 1.9143871 0.8608121 1.4349163 1.5540374 1.6220230 1.5364019 1.6780935 1.9810697 1.4284539 1.6509653 1.9936079 1.9402841 0.9073504 1.3772884 1.5526984 1.0438591 1.0493984 1.9150030 1.3729320 1.3908341 1.5231291 1.6595790 1.9804415 1.4999980 1.1188777 1.4892991 1.0044232 0.9911781 0.8437464 1.0417732 0.5603875 0.4663935 1.0683489 0.0000000 0.8363860 0.7951524 1.0246917 0.9842276 0.9644675 2.0833880 1.4642396 1.5831501 1.6456412 1.2574743 1.9490180 1.4874240 1.0684303 1.3320655 1.9580037 1.4380099 1.9844928 2.0664598 1.9021898 1.0422186 1.4187378 1.3554536 1.4423466 1.2658728 1.2794657 1.2796522 1.9778151 1.5392196 1.3603161 1.8863151 1.4534107 1.5053027 1.7432083 2.1061573 1.4856843 1.9729707 2.1126867 1.5066613 2.1780306 1.3082662 
Methanosaeta_thermophila_PT           1.3785238 1.6583825 1.5321619 1.3183858 1.7191126 1.4062263 1.0059329 1.2298830 1.3855681 1.4715672 1.8743579 0.7782414 1.3010912 1.4387261 1.4438677 1.4144140 1.5577433 1.8600166 1.2639967 1.5238095 1.8052068 1.8801413 0.7935727 1.2970397 1.3979603 1.0325398 1.0585595 1.8186480 1.2558743 1.2889058 1.3714392 1.4317006 1.9016447 1.4074355 1.0591643 1.3879074 0.9602648 0.9239044 0.7205665 1.0157494 0.8970322 0.7957762 0.9924817 0.8363860 0.0000000 0.7008815 0.9989158 0.9288687 0.9057577 1.9885853 1.4952270 1.4464625 1.5316581 1.1904535 1.9233632 1.3465484 0.9828047 1.1438771 1.8861821 1.2998971 1.9232371 1.9619782 1.8465817 0.9683375 1.2895857 1.2174314 1.3175206 1.1966726 1.2194431 1.2167325 1.9832975 1.4152982 1.3411140 1.5985303 1.3909865 1.2945594 1.8041921 2.0937563 1.9046579 1.7371259 2.7377990 1.3778180 1.8307051 1.4248082 
