78
AR1                           0.0000000 1.8816548 1.4250607 0.6049975 1.4231638 1.8085563 1.5626819 1.7791607 1.8401891 1.7583368 2.3330376 1.5786069 2.3020046 1.7092710 1.8551568 1.9187862 1.8298917 2.0385548 2.2821645 1.6916990 2.0035151 2.3671545 2.3030725 1.5786670 1.8557140 1.8728120 1.7793967 1.8094490 1.8208695 1.7390247 2.3747935 1.6733961 1.6899963 1.7324352 1.8769767 2.4074905 1.8479594 1.7881229 1.8766019 1.5019915 1.5022554 1.6306917 1.6085151 1.6743933 1.6859096 1.6381407 1.6552989 1.6602200 1.6793352 1.5780926 1.4797670 1.4680035 2.4461758 1.3510454 1.6005979 1.9220207 1.6853604 2.3048136 1.8283463 1.4825733 1.6772186 2.1740479 1.7294722 2.3394103 2.3224997 2.3825992 1.5650804 1.7315028 1.8030621 1.8358535 1.7318153 1.7063707 1.6735724 2.3374701 1.9830752 1.8462087 2.0109650 1.8087419 
AR10                          1.8816548 0.0000000 1.7745003 2.0442286 1.7498950 1.7779430 1.5594102 1.7277545 1.7769726 1.7214356 2.3397546 1.5178305 2.2314833 1.7859072 1.9236414 1.7906525 1.8558519 2.0167234 2.0727272 1.8091897 0.8160753 2.2560912 2.2156791 1.5227469 1.8321416 1.7522549 1.8048928 1.7270173 1.8829160 1.7600920 2.3387776 1.7488136 1.7176650 1.8497475 1.7661945 2.4218104 1.8290106 1.5443794 1.7493936 1.5375381 1.4934029 1.5649759 1.5246587 1.6602075 1.5860755 1.5773615 1.6758664 1.5284323 1.6083095 1.4665673 1.4979250 1.4314836 2.3951478 1.6854678 1.7312449 1.9220957 1.6548143 2.3085228 1.8545901 1.5044553 1.6918605 2.0573060 1.7891531 2.2984221 2.2270392 2.2790613 1.4926505 1.7914593 1.7960748 1.8801028 1.5180747 1.6331001 1.6400133 2.3593289 1.9247559 1.6801806 1.9326644 1.7430655 
AR15                          1.4250607 1.7745003 0.0000000 1.4961484 0.9827911 1.5140121 1.2902160 1.4948049 1.4728241 1.5806995 2.0241077 1.2699474 2.0608197 1.5309191 1.6775485 1.6713217 1.5640194 1.7707301 2.0800504 1.4885528 1.6913030 1.9946063 2.0857775 1.2579173 1.5235723 1.5881551 1.5361376 1.5674422 1.5527174 1.5609147 2.0282665 1.4641504 1.4952293 1.5732360 1.7062392 2.1385151 1.5492888 1.4497708 1.6138430 1.3132396 1.2347751 1.3253994 1.3140738 1.4554228 1.4153927 1.3280368 1.4052316 1.3163186 1.3899015 1.3443725 1.2702975 1.1838178 2.1877332 1.1044878 1.3397291 1.7369654 1.3606255 2.0642040 1.5998665 1.1806760 1.3834947 2.0587429 1.5320615 2.0807317 2.2090477 1.9886602 1.2223040 1.4874216 1.4681370 1.5950378 1.5010876 1.4563889 1.4588149 2.1015707 1.6087942 1.6046460 1.5724348 1.5706264 
AR19                          0.6049975 2.0442286 1.4961484 0.0000000 1.5274805 1.7310746 1.6058939 1.8194387 1.8144323 1.6147961 2.2852846 1.5825893 2.1426409 1.8292923 1.9255694 1.9220404 1.8884083 2.0792355 2.3312344 1.7522145 2.0794358 2.4264117 2.3909074 1.6203791 1.9229789 1.8285627 1.9171639 1.8852838 1.8383208 1.7844150 2.3162186 1.6333886 1.7343658 1.7644730 1.9522184 2.4047605 1.8513380 1.5610662 1.9883706 1.5764659 1.5329990 1.6965286 1.6375051 1.7968415 1.7959701 1.7295073 1.7280872 1.7230811 1.7788936 1.6475618 1.5250603 1.4651915 2.3387679 1.3978580 1.7143709 1.9721791 1.6639018 2.3313955 1.9031043 1.5564464 1.6888687 2.2350953 1.8382482 2.3932009 2.2620043 2.4516041 1.5920840 1.8325895 1.9550210 1.9506377 1.6370250 1.8292602 1.8430410 2.4601565 2.0138620 1.6947845 1.8265538 1.7887180 
AR20                          1.4231638 1.7498950 0.9827911 1.5274805 0.0000000 1.5231380 1.3239053 1.4868853 1.5426319 1.5947484 2.0552470 1.2624219 2.1629501 1.5030502 1.6877763 1.7857299 1.6463304 1.8523660 2.1312229 1.4823655 1.6805119 2.0215814 2.0780250 1.2903188 1.6069694 1.6176831 1.5977323 1.6297432 1.6816412 1.5721408 2.0023489 1.4826534 1.5185988 1.6573860 1.7574261 2.1309587 1.5503173 1.4917128 1.6450078 1.3221425 1.2293753 1.3782041 1.3251747 1.4838149 1.4479404 1.4130270 1.4584094 1.4045215 1.5009433 1.3688277 1.3155858 1.1858122 2.1915839 0.9243214 1.3474619 1.7446995 1.4003152 2.0338463 1.6090910 1.2217642 1.4014922 2.0268164 1.5267809 2.0460990 2.1813904 2.0779416 1.2332222 1.4937342 1.5735814 1.5820467 1.4639933 1.4510895 1.4411324 2.1861318 1.5935826 1.5584626 1.6365606 1.5691269 
AR5                           1.8085563 1.7779430 1.5140121 1.7310746 1.5231380 0.0000000 1.3349005 1.5080902 1.5201373 1.6650990 2.0908558 1.3233244 2.0803468 1.5562683 1.7293388 1.7532191 1.6199270 1.8311414 2.1349442 1.5528608 1.8718565 2.0408621 2.0991179 1.3901387 1.6051341 1.6031459 1.6846294 1.7166764 1.6794456 1.5434308 2.1284134 1.5030919 1.6130035 1.6581946 1.6711659 2.2003981 1.6749655 1.4153946 1.6292782 1.3067854 1.2443945 1.4285866 1.3046096 1.4542092 1.4481955 1.3511018 1.4225013 1.3790679 1.3951508 1.3260597 1.2800245 1.2599656 2.1783932 1.5251734 1.6565435 1.8240676 1.4765543 2.0864791 1.5453749 1.2435166 1.4392745 2.1502111 1.6165242 2.0707010 2.1040403 2.1032376 1.2416084 1.5135963 1.6022516 1.5596015 1.5468862 1.4768930 1.4801626 2.2385827 1.5815308 1.5091035 1.8053297 1.6089490 
Aciduliprofundum_boonei_T469  1.5626819 1.5594102 1.2902160 1.6058939 1.3239053 1.3349005 0.0000000 1.2006262 1.2627416 1.4788746 1.8167867 0.8856470 1.8394177 1.2503032 1.4356365 1.4776343 1.3488226 1.5440373 1.8510218 1.1760710 1.5206055 1.8518984 1.8652430 0.9063423 0.9577606 1.3589026 1.1883965 1.2036881 1.3149816 1.2603186 1.8375022 1.1657330 1.2623675 1.3298514 1.5294304 1.8446932 1.3189868 0.8176608 1.3495109 0.9303460 0.8724340 1.0285000 0.9498341 1.1425958 1.0809402 0.7768335 1.0320088 1.0048420 1.0824293 0.9492233 0.8729411 0.8240718 1.9875685 1.3163891 1.2780980 1.5274499 1.2013442 1.8367462 1.3203356 0.8618271 1.0854898 1.8424211 1.3435120 1.7938047 1.9561488 1.8392307 0.8850816 1.2277521 0.8842842 1.3368510 1.1467600 1.1444786 1.1704347 1.9700530 1.3208372 1.2679960 1.3570830 1.2569478 
Aeropyrum_pernix_K1           1.7791607 1.7277545 1.4948049 1.8194387 1.4868853 1.5080902 1.2006262 0.0000000 1.3457685 1.6931489 1.8331323 1.1249396 1.9248606 1.1886672 1.4796159 1.3996507 1.1184020 1.5611092 1.8496723 0.7203522 1.7394790 1.7634923 1.9009739 1.1656337 1.6036189 1.2405372 1.4991979 1.5144601 1.5353683 1.4375159 1.8154960 0.7096096 1.2095404 1.2336631 1.3552999 1.8855592 1.3874318 1.3872264 1.0589163 1.1849287 1.0827826 1.3221715 1.2496703 1.4710791 1.3545008 1.3166272 1.3864445 1.2286463 1.3591321 1.2234115 1.1579561 1.1097365 2.0308985 1.5732207 1.4202816 1.5670397 1.1703861 1.9243244 1.0642414 0.9813610 0.5944432 1.8658586 0.9771509 1.9185113 2.0419440 1.8417198 0.9917978 0.9566888 1.5005539 1.0604783 1.2495489 1.2068818 1.2501017 1.9407336 1.0789490 1.4290244 1.3883455 1.2302174 
Aiga_0000106_J15              1.8401891 1.7769726 1.4728241 1.8144323 1.5426319 1.5201373 1.2627416 1.3457685 0.0000000 1.5462153 2.0185689 1.2647488 1.9430963 1.2974969 1.3541087 0.8335233 1.3618263 1.6115221 1.9596092 1.2715791 1.7176309 1.9730784 1.9049176 1.2987830 1.5259112 1.1370968 1.5957105 1.5683828 1.5173072 1.4804870 1.9128508 1.2143731 1.3363572 1.2960982 1.4246453 2.0722185 1.5029466 1.3319461 1.3043902 1.3403413 1.2143813 1.4071195 1.3695110 1.5791673 1.5269068 1.4500627 1.5718278 1.3929834 1.3957633 1.3535613 1.2730757 1.2213297 2.1057761 1.5805617 1.3486830 1.5525130 1.2953454 2.0485118 1.3499799 1.1685915 1.1580981 1.9975574 1.2648710 1.9559026 2.0121034 2.1014543 1.1602186 1.2750868 1.4666259 1.3247056 1.3185646 1.3544342 1.3390401 2.0551769 1.2766005 1.4230117 1.3926580 1.2917685 
Altiarch                      1.7583368 1.7214356 1.5806995 1.6147961 1.5947484 1.6650990 1.4788746 1.6931489 1.5462153 0.0000000 2.1960760 1.4492536 2.1888623 1.5961576 1.7435269 1.7564099 1.7768899 1.8444483 2.2247537 1.5709742 1.8465443 2.1640789 2.1775688 1.3928178 1.7118078 1.6490127 1.6750707 1.8424243 1.7589211 1.6882995 2.2933700 1.5499735 1.5188268 1.6007119 1.7908784 2.2670385 1.7481615 1.4891511 1.6877350 1.3513771 1.3419754 1.4735182 1.4482159 1.6217492 1.6005118 1.5661908 1.6175362 1.4719241 1.5207375 1.3979507 1.3666376 1.3001615 2.3731175 1.5382945 1.6651079 1.8285456 1.5346737 2.2857850 1.7105510 1.3834024 1.6052253 2.1814513 1.6559804 2.2540837 2.1981226 2.1722347 1.3731145 1.6490495 1.6095720 1.7314020 1.6781780 1.6013559 1.5528870 2.2974364 1.7871571 1.7082532 1.8732164 1.6269175 
Arabidopsis_thaliana          2.3330376 2.3397546 2.0241077 2.2852846 2.0552470 2.0908558 1.8167867 1.8331323 2.0185689 2.1960760 0.0000000 1.7600061 0.5898835 1.8209942 2.0211424 2.0228994 1.9956060 2.1804442 0.3604806 1.8503766 2.2179084 0.5846167 0.7618759 1.7830960 2.0829692 2.0754402 2.0789182 2.0398922 2.0393688 1.7875243 0.4527251 1.8262940 1.8538238 2.1040523 2.0555353 0.8397600 1.8695111 1.9277102 2.0089847 1.8188806 1.6605005 1.8959706 1.8288828 1.9626501 1.9241422 1.9329505 1.9124444 1.8744583 1.9368662 1.8236046 1.7392580 1.6899833 0.8316451 2.0727486 2.1113082 2.0487634 1.7033424 0.6800193 2.0426069 1.7090420 1.7997587 0.5791792 1.9597631 0.7702696 0.6769907 0.5982100 1.6964371 1.9029750 2.1199682 2.0454743 1.7967872 1.7269536 1.7138887 1.0236000 2.0109711 1.8130517 1.9407837 1.7259682 
Archaeoglobus_fulgidus_DSM_43 1.5786069 1.5178305 1.2699474 1.5825893 1.2624219 1.3233244 0.8856470 1.1249396 1.2647488 1.4492536 1.7600061 0.0000000 1.8109966 1.2130400 1.4488945 1.4144522 1.2921548 1.4992086 1.8256279 1.1906645 1.4968470 1.7840243 1.7905766 0.2931873 1.2249414 1.3295848 1.0601834 1.0810207 1.3151366 1.2630782 1.7912591 1.1108542 1.1895612 1.2104599 1.3902986 1.8648735 1.3777537 0.9823793 1.2907021 0.9256026 0.8520449 0.8457839 0.9390100 0.9612568 0.8629758 1.0216391 0.8596377 0.7772988 0.8349570 0.9709353 0.8898079 0.8056001 1.9711885 1.3328202 1.2541253 1.4770471 1.0700372 1.7990580 1.2526683 0.7862821 1.0517494 1.8484818 1.2358709 1.8338673 1.9010905 1.8112111 0.7849161 1.1804099 1.1742222 1.2255702 1.1149752 1.1667290 1.1344866 1.8540765 1.2579504 1.3514860 1.3695422 1.1610843 
Bigelowiella_natans           2.3020046 2.2314833 2.0608197 2.1426409 2.1629501 2.0803468 1.8394177 1.9248606 1.9430963 2.1888623 0.5898835 1.8109966 0.0000000 1.8779512 2.1701851 2.0401675 2.0306557 2.2790658 0.5702007 1.9310533 2.2697105 0.7020520 0.8694031 1.8271357 2.2000115 2.1250418 2.2068348 2.1315470 2.0634534 2.0199083 0.5981243 1.9463703 1.9050668 2.0010571 1.9502168 0.8917544 1.9490027 1.9045767 2.0742683 1.8665094 1.7611925 1.9960370 1.9143695 2.0620689 1.9677648 2.0178375 1.9894334 1.8546254 2.0218985 1.8716779 1.7872945 1.7519715 0.8916448 2.1708232 2.2477657 2.1229730 1.7930712 0.7779513 1.9785985 1.7163141 1.8592996 0.7040920 1.9537483 0.8172556 0.6931003 0.6909867 1.7162374 1.9848929 2.1287778 2.0780251 1.9160555 1.8328872 1.8008701 1.0749092 2.0628015 1.8787365 2.0755166 1.8127379 
Ca_Korarchaeum_cryptofilum_OP 1.7092710 1.7859072 1.5309191 1.8292923 1.5030502 1.5562683 1.2503032 1.1886672 1.2974969 1.5961576 1.8209942 1.2130400 1.8779512 0.0000000 1.5140582 1.4775759 1.3746388 1.5953089 1.8886990 1.1937416 1.7019898 1.8549728 1.8823052 1.2024834 1.5652029 1.3026202 1.5266229 1.5526158 1.4894772 1.4415905 1.8736807 1.1960096 0.9686328 0.6152712 1.1365127 1.9569076 1.4881247 1.3825060 1.3211353 1.3119229 1.1951668 1.3524649 1.3403325 1.5205043 1.4053197 1.3310712 1.4337726 1.2998467 1.4363165 1.2911812 1.2320206 1.1577194 2.0717769 1.5543356 1.4196937 1.5759602 1.2708504 1.9032376 1.3019771 1.1557162 1.1454059 1.9219754 1.3343303 1.8868494 1.9990980 1.8729685 1.1500691 1.2549818 1.4824138 1.3094980 1.2771322 1.3209041 1.3169783 1.9854392 1.3559653 1.3771415 1.5002505 1.3848455 
Ca_Nitrososphaera_gargensis_G 1.8551568 1.9236414 1.6775485 1.9255694 1.6877763 1.7293388 1.4356365 1.4796159 1.3541087 1.7435269 2.0211424 1.4488945 2.1701851 1.5140582 0.0000000 1.4619473 1.4243775 0.8496389 2.0269066 1.4255427 1.8375806 2.0012086 1.9910914 1.4641202 1.7189552 1.4709384 1.6680822 1.7556234 1.7192209 1.5647254 2.0853797 1.3927281 1.4987074 1.6093510 1.6870786 2.0741835 1.5872620 1.6548373 1.5120775 1.4250390 1.3985133 1.4591712 1.4731067 1.5579616 1.5373184 1.5220866 1.5503770 1.4363908 1.4889060 1.4270773 1.4007176 1.3937179 2.2084695 1.6692013 1.7233416 0.7924180 1.3698794 2.1163515 1.3876819 1.3954633 1.3580726 2.1360423 1.4304643 2.0063384 2.1434431 1.9672579 1.3796685 1.3395753 1.6052652 1.3828472 1.4689690 1.3864360 1.4171781 2.1326347 1.4596751 1.6427878 1.6200583 1.4174907 
Caldiarchaeum_subterraneum    1.9187862 1.7906525 1.6713217 1.9220404 1.7857299 1.7532191 1.4776343 1.3996507 0.8335233 1.7564099 2.0228994 1.4144522 2.0401675 1.4775759 1.4619473 0.0000000 1.5308836 1.5986973 1.9930343 1.3665614 1.8407500 1.9797446 2.0103894 1.4745152 1.7648204 1.4153680 1.6879615 1.5768012 1.6091930 1.6083090 2.0057235 1.3839184 1.5099042 1.4793630 1.4846294 2.2099759 1.5743492 1.6136378 1.4601076 1.4768903 1.3546899 1.5271218 1.4940375 1.6685376 1.5915911 1.5510501 1.6177584 1.4410183 1.6183028 1.4737493 1.4377599 1.3426149 2.1263703 1.6461655 1.6281741 1.6045218 1.4050508 2.1176951 1.4443811 1.3683338 1.3387857 2.0170125 1.4263575 2.0296727 1.9854364 2.0675313 1.3325447 1.3902931 1.6687335 1.4224660 1.4728445 1.4505962 1.4776145 2.0709815 1.5521364 1.4412673 1.5227657 1.2689852 
Caldivirga_maquilingensis_IC  1.8298917 1.8558519 1.5640194 1.8884083 1.6463304 1.6199270 1.3488226 1.1184020 1.3618263 1.7768899 1.9956060 1.2921548 2.0306557 1.3746388 1.4243775 1.5308836 0.0000000 1.6077902 1.9586060 1.1243323 1.7779187 1.9210163 2.0010227 1.3181055 1.6608041 1.2007614 1.6064272 1.6351291 1.5847281 1.5129297 1.9676585 1.0324681 1.3765843 1.5270188 1.5477727 2.0355559 1.5987117 1.4845774 1.2367258 1.3750585 1.3107088 1.4747458 1.4028273 1.5675115 1.4957403 1.4115116 1.5340020 1.4123428 1.4745399 1.4154568 1.3179236 1.2679907 2.2186435 1.7287855 1.5172626 1.6122545 1.2528050 2.0874443 0.7372877 1.1754908 1.0272443 2.0431042 1.2128485 2.0143798 2.1452475 1.9706918 1.2033053 1.0197292 1.5527249 0.7317536 1.4080516 1.3792671 1.3811881 2.0477399 0.6701838 1.5389377 1.5291294 1.3059507 
Cenarchaeum_symbiosum_A       2.0385548 2.0167234 1.7707301 2.0792355 1.8523660 1.8311414 1.5440373 1.5611092 1.6115221 1.8444483 2.1804442 1.4992086 2.2790658 1.5953089 0.8496389 1.5986973 1.6077902 0.0000000 2.1802485 1.5246430 1.9106193 2.1144561 2.1524889 1.5251368 1.8148393 1.6081747 1.7460346 1.8004122 1.7135575 1.6997344 2.1829148 1.5037473 1.6152989 1.7607627 1.7488581 2.1237732 1.7076954 1.7791211 1.5907272 1.5212358 1.5251787 1.5161899 1.5833742 1.6689604 1.6720494 1.5976226 1.6746910 1.5551358 1.6681092 1.5631896 1.5152321 1.4886903 2.3183493 1.8564081 1.8696649 0.3975555 1.4940881 2.2324418 1.5361379 1.4640616 1.4731495 2.2106782 1.5670889 2.1311904 2.2236357 2.0841022 1.4832755 1.4636208 1.6875226 1.4868633 1.4986916 1.4497275 1.4708640 2.2651533 1.6019717 1.7019719 1.6460347 1.5440870 
Chlamydomonas_reinhardtii     2.2821645 2.0727272 2.0800504 2.3312344 2.1312229 2.1349442 1.8510218 1.8496723 1.9596092 2.2247537 0.3604806 1.8256279 0.5702007 1.8886990 2.0269066 1.9930343 1.9586060 2.1802485 0.0000000 1.8138345 2.1791451 0.6116508 0.7786931 1.8172420 2.1137303 2.0229203 2.0954029 1.9198421 1.9720601 1.8335483 0.4852097 1.8355870 1.8911894 2.0478769 1.9170767 0.8562808 1.9276851 1.9382085 2.0005346 1.8190946 1.6851940 1.9196797 1.8230383 1.9999683 1.9344831 1.9310959 1.9763703 1.8562074 1.9688568 1.8560684 1.7625132 1.7384320 0.7722034 2.0483591 2.1631039 2.0787711 1.6983857 0.6938138 1.9911410 1.7132990 1.7651345 0.5834606 1.9477313 0.7910724 0.5717662 0.6009588 1.7320958 1.8691163 2.0742916 2.0342153 1.8015152 1.7499950 1.7427848 1.0012345 1.9863638 1.7266156 1.8884992 1.8578477 
Desulfurococcus_kamchatkensis 1.6916990 1.8091897 1.4885528 1.7522145 1.4823655 1.5528608 1.1760710 0.7203522 1.2715791 1.5709742 1.8503766 1.1906645 1.9310533 1.1937416 1.4255427 1.3665614 1.1243323 1.5246430 1.8138345 0.0000000 1.6918786 1.8141374 1.8400809 1.1846303 1.5811483 1.2278461 1.5210925 1.5559590 1.4833770 1.3772696 1.8626194 0.6923059 1.2548242 1.2258858 1.3450747 1.9543190 1.3081465 1.3243242 0.9894493 1.2252881 1.1142275 1.2695635 1.2570339 1.5266414 1.3625424 1.2900142 1.4268533 1.2625369 1.3573570 1.2518883 1.1614377 1.0889583 2.0567939 1.5957313 1.4528686 1.4792015 1.1081774 1.9166096 1.0729136 1.0054268 0.5871696 1.8624484 0.8699499 1.9090822 2.0349533 1.8828898 1.0033882 0.9427651 1.4380708 1.0287414 1.1754037 1.1729578 1.2221170 1.9566134 1.0450991 1.3861934 1.3565839 1.2217241 
Diapher_AAA011_E11            2.0035151 0.8160753 1.6913030 2.0794358 1.6805119 1.8718565 1.5206055 1.7394790 1.7176309 1.8465443 2.2179084 1.4968470 2.2697105 1.7019898 1.8375806 1.8407500 1.7779187 1.9106193 2.1791451 1.6918786 0.0000000 2.1490611 2.1816506 1.4890124 1.8013243 1.8677026 1.7453686 1.6733029 1.7013192 1.6495085 2.1606821 1.6796252 1.7349145 1.8738538 1.8496112 2.2709042 1.6956246 1.5149956 1.7148843 1.4940602 1.4837079 1.5059105 1.4479473 1.6572059 1.6111442 1.5793085 1.6470014 1.5196120 1.5525481 1.4610656 1.4594406 1.4176345 2.3387547 1.7094158 1.6960935 1.7922166 1.6070810 2.1941465 1.7042077 1.4854800 1.6113030 2.0797435 1.7316142 2.1861940 2.2556849 2.1856421 1.4762327 1.7109029 1.7285062 1.7534017 1.5311539 1.5590138 1.5424147 2.2877646 1.7625454 1.7628349 1.7782912 1.6010446 
Dictyostelium_discoideum      2.3671545 2.2560912 1.9946063 2.4264117 2.0215814 2.0408621 1.8518984 1.7634923 1.9730784 2.1640789 0.5846167 1.7840243 0.7020520 1.8549728 2.0012086 1.9797446 1.9210163 2.1144561 0.6116508 1.8141374 2.1490611 0.0000000 0.7847871 1.7944892 2.1046550 2.1405509 1.9724211 2.0461772 1.9043404 1.8109329 0.5836587 1.7795047 1.8384776 2.0241875 2.0381550 0.8464874 1.8787095 1.9326423 1.9435886 1.7243062 1.6542819 1.8502381 1.8137425 1.9575062 1.9301827 1.8936153 1.9461232 1.8590065 1.9111247 1.7645052 1.7041757 1.6913600 0.8199267 2.0633265 2.0964656 1.9815796 1.7322808 0.7976145 1.9058076 1.7324211 1.7336472 0.6497902 1.8479070 0.7507171 0.7356926 0.6260466 1.7323379 1.8222193 2.1089996 1.9197536 1.8855290 1.7693321 1.7893121 0.9881198 1.9485074 1.8003415 1.9495103 1.8241295 
Entamoeba_histolytica_HM_1_IM 2.3030725 2.2156791 2.0857775 2.3909074 2.0780250 2.0991179 1.8652430 1.9009739 1.9049176 2.1775688 0.7618759 1.7905766 0.8694031 1.8823052 1.9910914 2.0103894 2.0010227 2.1524889 0.7786931 1.8400809 2.1816506 0.7847871 0.0000000 1.7974634 2.0428348 2.1529063 2.0418795 2.0577501 2.0459284 1.7851344 0.7742658 1.8452537 1.9087934 2.0024226 2.1119667 0.9993337 1.9362479 1.9066550 1.9831203 1.7558147 1.6419137 1.9250161 1.8378636 1.9940688 1.9460072 1.9881268 1.9380083 1.8797937 1.9624077 1.7870406 1.7194524 1.7093032 1.0013992 2.0778672 2.0844122 2.0018529 1.8229393 0.8989736 1.9833525 1.7945458 1.8074164 0.8403219 1.9230899 0.8898143 0.9499528 0.8464199 1.7473162 1.8827993 2.0439471 1.9592426 1.9360537 1.8116316 1.7977698 1.0897825 1.9927228 1.9313501 1.9703162 1.8061210 
Ferroglobus_placidus_DSM_1064 1.5786670 1.5227469 1.2579173 1.6203791 1.2903188 1.3901387 0.9063423 1.1656337 1.2987830 1.3928178 1.7830960 0.2931873 1.8271357 1.2024834 1.4641202 1.4745152 1.3181055 1.5251368 1.8172420 1.1846303 1.4890124 1.7944892 1.7974634 0.0000000 1.2419591 1.3643506 1.0876757 1.0846699 1.3497754 1.2921889 1.7763902 1.1250399 1.2075111 1.2557460 1.3470431 1.9096275 1.3660796 0.9753627 1.3291933 0.9243944 0.8431087 0.8791949 0.9554720 0.9798424 0.8930672 1.0352542 0.9062644 0.7928911 0.8442742 0.9881341 0.8693813 0.8115716 1.9673358 1.3367913 1.2474499 1.4809665 1.0975889 1.8180570 1.2790229 0.7967214 1.0643352 1.8519633 1.2490085 1.8606072 1.9394780 1.8183191 0.7950739 1.1853827 1.1919596 1.2401701 1.1377502 1.1930765 1.1757262 1.9039117 1.2851092 1.3729640 1.3696978 1.2428624 
Ferroplasma_acidarmanus_fer1  1.8557140 1.8321416 1.5235723 1.9229789 1.6069694 1.6051341 0.9577606 1.6036189 1.5259112 1.7118078 2.0829692 1.2249414 2.2000115 1.5652029 1.7189552 1.7648204 1.6608041 1.8148393 2.1137303 1.5811483 1.8013243 2.1046550 2.0428348 1.2419591 0.0000000 1.6847309 1.5511809 1.6103900 1.7614182 1.5550533 2.0815148 1.6053468 1.5489421 1.7411453 1.7102978 2.1623873 1.6771428 1.1814004 1.6253271 1.2432452 1.1948244 1.3721304 1.2609923 1.4149238 1.3668167 1.1357981 1.3753902 1.2958054 1.3850918 1.3163963 1.2303153 1.1793845 2.3361385 1.6077968 1.5611887 1.7969813 1.4546558 2.1340835 1.6447103 1.2653002 1.5257823 2.1497957 1.5729101 2.0499977 2.2051916 2.1134577 1.2898688 1.5958740 0.6530675 1.6280394 1.5351908 1.5749975 1.5100075 2.1482711 1.7337344 1.6599198 1.7667936 1.5623849 
Geo_AAA471_B05                1.8728120 1.7522549 1.5881551 1.8285627 1.6176831 1.6031459 1.3589026 1.2405372 1.1370968 1.6490127 2.0754402 1.3295848 2.1250418 1.3026202 1.4709384 1.4153680 1.2007614 1.6081747 2.0229203 1.2278461 1.8677026 2.1405509 2.1529063 1.3643506 1.6847309 0.0000000 1.6090454 1.5980343 1.6798857 1.5285502 2.1504353 1.1466300 1.2613526 1.3493806 1.4578620 2.2402256 1.4972653 1.5289897 1.2531693 1.3529210 1.3013529 1.4551260 1.4432320 1.5954131 1.5758965 1.4332104 1.5542831 1.3996829 1.5185543 1.3495811 1.3393827 1.2445809 2.3869975 1.6348805 1.5682521 1.5721364 1.2724944 2.1052989 1.1849261 1.2035444 1.1024491 2.1268272 1.2417945 2.1689976 2.1306050 2.0804572 1.2564775 1.1033278 1.5220493 1.2014167 1.3644686 1.3482253 1.3014434 2.2115608 1.2426967 1.5121246 1.6257159 1.2389393 
Haloarcula_marismortui_ATCC_4 1.7793967 1.8048928 1.5361376 1.9171639 1.5977323 1.6846294 1.1883965 1.4991979 1.5957105 1.6750707 2.0789182 1.0601834 2.2068348 1.5266229 1.6680822 1.6879615 1.6064272 1.7460346 2.0954029 1.5210925 1.7453686 1.9724211 2.0418795 1.0876757 1.5511809 1.6090454 0.0000000 0.3967431 1.4794034 1.4890783 2.0614678 1.4690425 1.5689330 1.5988760 1.7486584 2.1408260 1.6082120 1.3111901 1.6036831 1.1413538 1.2028527 1.0170868 1.2137000 1.1040721 1.0553736 1.2207426 1.0431079 1.0320685 1.0227791 1.1877594 1.0961003 1.0831446 2.1713274 1.6222601 1.6143583 1.7324035 1.3988872 2.1242121 1.5831256 1.2608200 1.4078535 2.0775358 1.5886834 2.1699745 2.1996559 2.0442976 1.2200299 1.4878776 1.5074600 1.5770804 1.3397057 1.3521058 1.3649429 2.2000795 1.6238177 1.5568178 1.5899221 1.3149829 
Haloferax_volcanii_DS2        1.8094490 1.7270173 1.5674422 1.8852838 1.6297432 1.7166764 1.2036881 1.5144601 1.5683828 1.8424243 2.0398922 1.0810207 2.1315470 1.5526158 1.7556234 1.5768012 1.6351291 1.8004122 1.9198421 1.5559590 1.6733029 2.0461772 2.0577501 1.0846699 1.6103900 1.5980343 0.3967431 0.0000000 1.5549706 1.5523337 2.0503999 1.4443436 1.5598333 1.5964904 1.6005278 2.1239542 1.6459749 1.3407094 1.6156753 1.1498726 1.1993412 1.0528662 1.2030713 1.0976506 1.0589308 1.2253827 1.0478816 1.0574028 1.0200905 1.1825932 1.1011458 1.0805972 2.1788673 1.5604870 1.6494468 1.7702740 1.4150453 2.1059631 1.6206230 1.2645367 1.4060829 1.8623233 1.6317716 2.1350823 1.9469493 2.0740448 1.2255294 1.5033818 1.5648040 1.5916021 1.3435163 1.3970529 1.3664641 2.1665469 1.6178361 1.5083845 1.6779693 1.3270978 
Heimdall2                     1.8208695 1.8829160 1.5527174 1.8383208 1.6816412 1.6794456 1.3149816 1.5353683 1.5173072 1.7589211 2.0393688 1.3151366 2.0634534 1.4894772 1.7192209 1.6091930 1.5847281 1.7135575 1.9720601 1.4833770 1.7013192 1.9043404 2.0459284 1.3497754 1.7614182 1.6798857 1.4794034 1.5549706 0.0000000 1.3509592 2.0141878 1.4321713 1.3874598 1.4583124 1.5762151 2.0090892 1.4488655 1.3681274 1.5531192 1.3309032 1.3333143 1.4082411 1.3673869 1.4758257 1.3670884 1.4114930 1.4350768 1.3575448 1.4505304 1.3569227 1.3306564 1.2668154 2.0512864 1.7113940 1.6263977 1.7640813 1.3137296 2.0509793 1.6182039 1.3128731 1.3829504 1.8764029 1.5368693 2.0386253 1.9612890 1.9512751 1.2903671 1.4885285 1.7388437 1.6413524 1.3397045 1.3271998 1.3108471 2.0736338 1.6382727 1.1886349 1.6123491 1.3145304 
Heimdall3                     1.7390247 1.7600920 1.5609147 1.7844150 1.5721408 1.5434308 1.2603186 1.4375159 1.4804870 1.6882995 1.7875243 1.2630782 2.0199083 1.4415905 1.5647254 1.6083090 1.5129297 1.6997344 1.8335483 1.3772696 1.6495085 1.8109329 1.7851344 1.2921889 1.5550533 1.5285502 1.4890783 1.5523337 1.3509592 0.0000000 1.8100899 1.3193776 1.4545916 1.5437537 1.5891056 1.9296661 1.3908056 1.3578686 1.4976197 1.2589632 1.2619910 1.3446070 1.3477137 1.3485651 1.3626537 1.3504885 1.3203341 1.3285389 1.3493633 1.3017188 1.2828752 1.2118699 2.0875622 1.6126331 1.5811219 1.6557535 1.1851860 1.8624872 1.4392883 1.2206201 1.2885403 1.8455798 1.4681462 1.8565644 1.9949739 1.8495558 1.2282324 1.3648405 1.5136349 1.5032869 1.2333780 1.2497267 1.2459554 1.9862307 1.5035818 1.2314162 1.4389257 1.4119497 
Homo_sapiens                  2.3747935 2.3387776 2.0282665 2.3162186 2.0023489 2.1284134 1.8375022 1.8154960 1.9128508 2.2933700 0.4527251 1.7912591 0.5981243 1.8736807 2.0853797 2.0057235 1.9676585 2.1829148 0.4852097 1.8626194 2.1606821 0.5836587 0.7742658 1.7763902 2.0815148 2.1504353 2.0614678 2.0503999 2.0141878 1.8100899 0.0000000 1.8205200 1.8928420 2.0334615 2.0106985 0.8829882 1.8980890 1.9155764 2.0228492 1.8026276 1.6699860 1.8682192 1.8459998 1.9625430 1.8728590 1.9338190 1.9118065 1.8177299 1.9410610 1.8309849 1.7523335 1.6891769 0.8168744 2.0837977 2.1500415 2.0651025 1.7592754 0.6535500 1.9863559 1.7199581 1.7780756 0.5251285 1.9164582 0.7553140 0.6650203 0.5883009 1.7050758 1.8735594 2.1105291 1.9537033 1.9681052 1.8268552 1.8294808 0.9985532 1.9829800 1.8184876 1.9323408 1.7778794 
Ignicoccus_hospitalis_KIN4_I  1.6733961 1.7488136 1.4641504 1.6333886 1.4826534 1.5030919 1.1657330 0.7096096 1.2143731 1.5499735 1.8262940 1.1108542 1.9463703 1.1960096 1.3927281 1.3839184 1.0324681 1.5037473 1.8355870 0.6923059 1.6796252 1.7795047 1.8452537 1.1250399 1.6053468 1.1466300 1.4690425 1.4443436 1.4321713 1.3193776 1.8205200 0.0000000 1.1488167 1.1995278 1.3654570 1.9494660 1.3422645 1.2792105 0.9712051 1.1622284 1.0334890 1.2891597 1.1711882 1.4823186 1.3643864 1.2247629 1.3708573 1.2543969 1.3250903 1.1869658 1.1246324 1.0388085 2.0863762 1.5236634 1.3638487 1.4880561 1.1542832 1.9211462 1.0368135 0.9622833 0.5355520 1.8821383 0.9115317 1.8922869 2.0137953 1.8219470 0.9765933 0.9199005 1.4637649 1.0146287 1.1441060 1.1745814 1.1747861 1.9198723 1.0119573 1.4144398 1.3967210 1.2170700 
Kor1                          1.6899963 1.7176650 1.4952293 1.7343658 1.5185988 1.6130035 1.2623675 1.2095404 1.3363572 1.5188268 1.8538238 1.1895612 1.9050668 0.9686328 1.4987074 1.5099042 1.3765843 1.6152989 1.8911894 1.2548242 1.7349145 1.8384776 1.9087934 1.2075111 1.5489421 1.2613526 1.5689330 1.5598333 1.3874598 1.4545916 1.8928420 1.1488167 0.0000000 1.0467191 1.1014538 1.9707434 1.4325369 1.4253140 1.3995863 1.2881570 1.1362163 1.3582029 1.3073249 1.4715578 1.3969055 1.3517658 1.3892504 1.2878343 1.3796239 1.2549329 1.2658837 1.1635820 2.0137438 1.5534240 1.4457854 1.5989407 1.2564745 1.9229258 1.3551960 1.1418766 1.0886863 1.9932233 1.3155390 1.9404307 2.0386847 1.8655420 1.1594447 1.2893428 1.4846574 1.3534895 1.3717007 1.3351081 1.3281304 1.9725479 1.3976137 1.4064666 1.5790094 1.4335113 
Kor2                          1.7324352 1.8497475 1.5732360 1.7644730 1.6573860 1.6581946 1.3298514 1.2336631 1.2960982 1.6007119 2.1040523 1.2104599 2.0010571 0.6152712 1.6093510 1.4793630 1.5270188 1.7607627 2.0478769 1.2258858 1.8738538 2.0241875 2.0024226 1.2557460 1.7411453 1.3493806 1.5988760 1.5964904 1.4583124 1.5437537 2.0334615 1.1995278 1.0467191 0.0000000 1.1765966 2.1247768 1.6035222 1.3723930 1.4348627 1.3823987 1.2097076 1.3953964 1.4409577 1.6238388 1.4618936 1.4149901 1.5269541 1.3746677 1.4003331 1.3663592 1.3154012 1.2319389 2.0759847 1.6052801 1.5540231 1.6625853 1.3857110 2.0255771 1.4276250 1.1875066 1.1747434 2.0701545 1.4086454 2.0277158 1.9482809 2.1062153 1.1738506 1.3394480 1.5369353 1.4670742 1.2044149 1.4254534 1.3779691 2.1508228 1.4455391 1.4596619 1.5302977 1.4548500 
Kor3                          1.8769767 1.7661945 1.7062392 1.9522184 1.7574261 1.6711659 1.5294304 1.3552999 1.4246453 1.7908784 2.0555353 1.3902986 1.9502168 1.1365127 1.6870786 1.4846294 1.5477727 1.7488581 1.9170767 1.3450747 1.8496112 2.0381550 2.1119667 1.3470431 1.7102978 1.4578620 1.7486584 1.6005278 1.5762151 1.5891056 2.0106985 1.3654570 1.1014538 1.1765966 0.0000000 2.1975798 1.6252476 1.6786826 1.4956817 1.5146418 1.2930036 1.5777470 1.5234638 1.7018430 1.6487287 1.5332653 1.6552136 1.4289155 1.5700778 1.5526926 1.4728116 1.3642850 2.0632608 1.6841615 1.6352529 1.7430049 1.4827728 2.0817918 1.4399222 1.3144485 1.2516873 1.8797741 1.4442154 2.1717915 1.9971212 2.0607521 1.3338239 1.3887666 1.6641354 1.4704028 1.4579627 1.5044950 1.4766163 2.0871103 1.5042506 1.4654281 1.7856339 1.4114696 
Leishmania_infantum           2.4074905 2.4218104 2.1385151 2.4047605 2.1309587 2.2003981 1.8446932 1.8855592 2.0722185 2.2670385 0.8397600 1.8648735 0.8917544 1.9569076 2.0741835 2.2099759 2.0355559 2.1237732 0.8562808 1.9543190 2.2709042 0.8464874 0.9993337 1.9096275 2.1623873 2.2402256 2.1408260 2.1239542 2.0090892 1.9296661 0.8829882 1.9494660 1.9707434 2.1247768 2.1975798 0.0000000 2.0596139 2.0065306 2.0642729 1.8631196 1.7437785 1.9567269 1.8641237 1.9646087 1.9854206 1.9784031 1.9773305 1.8991002 1.9996730 1.8697130 1.8514036 1.7735552 1.0101019 2.1661066 2.2510568 2.0288252 1.9349275 1.0190114 2.0470145 1.7980020 1.8399698 0.9287738 2.0359474 0.9767106 0.9874098 0.9079510 1.7972408 2.0008404 2.1241815 2.0786187 1.8888862 1.7878463 1.8138193 1.1364533 2.0569291 1.9509849 2.0257801 1.8031294 
Loki                          1.8479594 1.8290106 1.5492888 1.8513380 1.5503173 1.6749655 1.3189868 1.3874318 1.5029466 1.7481615 1.8695111 1.3777537 1.9490027 1.4881247 1.5872620 1.5743492 1.5987117 1.7076954 1.9276851 1.3081465 1.6956246 1.8787095 1.9362479 1.3660796 1.6771428 1.4972653 1.6082120 1.6459749 1.4488655 1.3908056 1.8980890 1.3422645 1.4325369 1.6035222 1.6252476 2.0596139 0.0000000 1.4310081 1.4561617 1.2547843 1.2766295 1.4465641 1.3575502 1.5746031 1.4801725 1.4242581 1.4986920 1.4060868 1.4226808 1.3172151 1.2634494 1.1795818 2.0773656 1.6066677 1.6336188 1.6940415 1.2331937 1.9349825 1.5462216 1.2557937 1.2790844 1.9392573 1.4462294 1.9275793 1.9812779 1.8558772 1.2416370 1.4012000 1.5846593 1.5764520 1.2108165 1.1902527 1.1872978 2.1094318 1.5490995 1.3866585 1.0437885 1.2629403 
MBGD_SCGC_AB539N05            1.7881229 1.5443794 1.4497708 1.5610662 1.4917128 1.4153946 0.8176608 1.3872264 1.3319461 1.4891511 1.9277102 0.9823793 1.9045767 1.3825060 1.6548373 1.6136378 1.4845774 1.7791211 1.9382085 1.3243242 1.5149956 1.9326423 1.9066550 0.9753627 1.1814004 1.5289897 1.3111901 1.3407094 1.3681274 1.3578686 1.9155764 1.2792105 1.4253140 1.3723930 1.6786826 2.0065306 1.4310081 0.0000000 1.4582856 0.9901615 0.9892945 1.0781988 1.0027113 1.2380248 1.1746459 0.8251270 1.1210506 1.0611190 1.0783052 1.0058660 0.9614781 0.9445603 2.0897310 1.4612762 1.4904665 1.7390915 1.3125122 1.9445964 1.3969837 0.9810043 1.2549672 1.8847924 1.4105956 1.8667195 1.9963955 1.9970447 0.9937415 1.3818239 1.1371174 1.3976509 1.1970156 1.2692440 1.2501725 2.0336545 1.3586034 1.4059984 1.4512655 1.2824538 
Metallosphaera_cuprina_Ar_4   1.8766019 1.7493936 1.6138430 1.9883706 1.6450078 1.6292782 1.3495109 1.0589163 1.3043902 1.6877350 2.0089847 1.2907021 2.0742683 1.3211353 1.5120775 1.4601076 1.2367258 1.5907272 2.0005346 0.9894493 1.7148843 1.9435886 1.9831203 1.3291933 1.6253271 1.2531693 1.6036831 1.6156753 1.5531192 1.4976197 2.0228492 0.9712051 1.3995863 1.4348627 1.4956817 2.0642729 1.4561617 1.4582856 0.0000000 1.3245420 1.2397912 1.4670527 1.3378205 1.5884225 1.4698272 1.3579567 1.4871345 1.3862821 1.4140099 1.3245029 1.2862326 1.2366194 2.1310199 1.6688291 1.5698204 1.5498755 1.2730388 2.0381652 1.2031815 1.2035814 0.9388932 2.0845855 0.5788532 2.0325535 2.1874462 2.0273134 1.2242209 1.1459709 1.5493935 1.2024462 1.2985262 1.3389543 1.3606830 2.0703543 1.2196418 1.5427409 1.5390452 1.4042752 
Methanobacterium_AL_21        1.5019915 1.5375381 1.3132396 1.5764659 1.3221425 1.3067854 0.9303460 1.1849287 1.3403413 1.3513771 1.8188806 0.9256026 1.8665094 1.3119229 1.4250390 1.4768903 1.3750585 1.5212358 1.8190946 1.2252881 1.4940602 1.7243062 1.7558147 0.9243944 1.2432452 1.3529210 1.1413538 1.1498726 1.3309032 1.2589632 1.8026276 1.1622284 1.2881570 1.3823987 1.5146418 1.8631196 1.2547843 0.9901615 1.3245420 0.0000000 0.8190982 0.9970099 0.8535965 1.0424059 1.0408279 1.0235566 1.0031383 0.9590420 0.9727760 0.4406678 0.3409948 0.4896974 1.9475278 1.3023535 1.4321095 1.4582466 1.1000573 1.8202839 1.3593852 0.8548475 1.1025255 1.8121347 1.2497061 1.7720367 1.8823334 1.7893811 0.8359246 1.2367800 1.2257323 1.3276346 1.1433458 1.1084197 1.1326298 1.8471939 1.3660959 1.2197910 1.2893143 1.1863887 
Methanocaldococcus_jannaschii 1.5022554 1.4934029 1.2347751 1.5329990 1.2293753 1.2443945 0.8724340 1.0827826 1.2143813 1.3419754 1.6605005 0.8520449 1.7611925 1.1951668 1.3985133 1.3546899 1.3107088 1.5251787 1.6851940 1.1142275 1.4837079 1.6542819 1.6419137 0.8431087 1.1948244 1.3013529 1.2028527 1.1993412 1.3333143 1.2619910 1.6699860 1.0334890 1.1362163 1.2097076 1.2930036 1.7437785 1.2766295 0.9892945 1.2397912 0.8190982 0.0000000 0.9777471 0.4978536 1.0709219 1.0187185 0.9796139 0.9899187 0.9231707 0.9346187 0.8583377 0.7555608 0.7011411 1.8152084 1.2707160 1.2139440 1.4787914 1.0654807 1.7148899 1.2825200 0.7290937 0.9571157 1.7378882 1.2068682 1.7103896 1.7976649 1.7042809 0.7597804 1.1531932 1.1739727 1.2991570 1.1095206 1.1057101 1.0963666 1.7856365 1.3050444 1.1927939 1.2515996 1.2589998 
Methanocella_paludicola_SANAE 1.6306917 1.5649759 1.3253994 1.6965286 1.3782041 1.4285866 1.0285000 1.3221715 1.4071195 1.4735182 1.8959706 0.8457839 1.9960370 1.3524649 1.4591712 1.5271218 1.4747458 1.5161899 1.9196797 1.2695635 1.5059105 1.8502381 1.9250161 0.8791949 1.3721304 1.4551260 1.0170868 1.0528662 1.4082411 1.3446070 1.8682192 1.2891597 1.3582029 1.3953964 1.5777470 1.9567269 1.4465641 1.0781988 1.4670527 0.9970099 0.9777471 0.0000000 1.0042157 0.8637530 0.7927920 1.0092146 0.8430880 0.7200963 0.7718303 1.0322648 0.9615333 0.9511305 2.0589573 1.4552967 1.4616198 1.4907960 1.2069260 2.0058918 1.4438151 0.9737580 1.2361845 1.9159847 1.3744555 1.9390974 2.0276297 1.9073068 0.9589232 1.3132191 1.2699850 1.4171188 1.2102679 1.2310770 1.2270637 2.0863215 1.4760591 1.3646750 1.4389010 1.2554365 
Methanococcus_maripaludis_C6  1.6085151 1.5246587 1.3140738 1.6375051 1.3251747 1.3046096 0.9498341 1.2496703 1.3695110 1.4482159 1.8288828 0.9390100 1.9143695 1.3403325 1.4731067 1.4940375 1.4028273 1.5833742 1.8230383 1.2570339 1.4479473 1.8137425 1.8378636 0.9554720 1.2609923 1.4432320 1.2137000 1.2030713 1.3673869 1.3477137 1.8459998 1.1711882 1.3073249 1.4409577 1.5234638 1.8641237 1.3575502 1.0027113 1.3378205 0.8535965 0.4978536 1.0042157 0.0000000 1.0814988 1.0257427 1.0251061 1.0404312 1.0149697 0.9672093 0.8397990 0.8213120 0.8289236 1.9739670 1.3989425 1.3968422 1.5326428 1.1917890 1.9252469 1.3557640 0.8870829 1.1368387 1.8740050 1.3053751 1.8676122 1.9641868 1.8229938 0.8950158 1.2801371 1.2639824 1.3690441 1.1861666 1.1679315 1.1619848 1.9611237 1.3866187 1.3159730 1.3184776 1.2979247 
Methanocorpusculum_labreanum  1.6743933 1.6602075 1.4554228 1.7968415 1.4838149 1.4542092 1.1425958 1.4710791 1.5791673 1.6217492 1.9626501 0.9612568 2.0620689 1.5205043 1.5579616 1.6685376 1.5675115 1.6689604 1.9999683 1.5266414 1.6572059 1.9575062 1.9940688 0.9798424 1.4149238 1.5954131 1.1040721 1.0976506 1.4758257 1.3485651 1.9625430 1.4823186 1.4715578 1.6238388 1.7018430 1.9646087 1.5746031 1.2380248 1.5884225 1.0424059 1.0709219 0.8637530 1.0814988 0.0000000 0.5378407 1.1075334 0.5601676 0.8963653 0.8349188 1.0868493 1.0295289 1.0262351 2.0618414 1.5515594 1.6491799 1.6161315 1.3058735 2.0522897 1.5576144 1.1691338 1.3753478 2.0297289 1.5137906 2.0432550 2.0453443 1.9527970 1.1353325 1.4971160 1.3867275 1.5328618 1.3039082 1.3520115 1.3276114 2.0407753 1.5698602 1.4511105 1.5919032 1.5941079 
Methanoculleus_marisnigri_JR1 1.6859096 1.5860755 1.4153927 1.7959701 1.4479404 1.4481955 1.0809402 1.3545008 1.5269068 1.6005118 1.9241422 0.8629758 1.9677648 1.4053197 1.5373184 1.5915911 1.4957403 1.6720494 1.9344831 1.3625424 1.6111442 1.9301827 1.9460072 0.8930672 1.3668167 1.5758965 1.0553736 1.0589308 1.3670884 1.3626537 1.8728590 1.3643864 1.3969055 1.4618936 1.6487287 1.9854206 1.4801725 1.1746459 1.4698272 1.0408279 1.0187185 0.7927920 1.0257427 0.5378407 0.0000000 1.0799894 0.4662191 0.7951468 0.8058841 1.0353493 0.9799769 0.9649001 2.0496956 1.5922847 1.5653899 1.5915681 1.2388249 1.9748503 1.4924265 1.0558930 1.2504195 1.9699380 1.4436559 2.0258734 2.0215629 1.8815063 1.0367724 1.4039602 1.3083756 1.4439305 1.2157686 1.2683342 1.2482324 1.9815653 1.4960814 1.3988262 1.4613590 1.5268760 
Methanomassiliicoccus_lu_B10  1.6381407 1.5773615 1.3280368 1.7295073 1.4130270 1.3511018 0.7768335 1.3166272 1.4500627 1.5661908 1.9329505 1.0216391 2.0178375 1.3310712 1.5220866 1.5510501 1.4115116 1.5976226 1.9310959 1.2900142 1.5793085 1.8936153 1.9881268 1.0352542 1.1357981 1.4332104 1.2207426 1.2253827 1.4114930 1.3504885 1.9338190 1.2247629 1.3517658 1.4149901 1.5332653 1.9784031 1.4242581 0.8251270 1.3579567 1.0235566 0.9796139 1.0092146 1.0251061 1.1075334 1.0799894 0.0000000 1.0674443 0.9918431 1.0559521 1.0538278 0.9811102 0.9368365 2.0676169 1.4286408 1.4588160 1.5855478 1.2641892 2.0050830 1.3671541 0.9864459 1.2206053 1.9881864 1.3628965 1.9398558 1.9921991 1.8969876 0.9859576 1.3552518 1.1029843 1.3684817 1.2415492 1.2355604 1.2496217 2.0525323 1.4058756 1.3732962 1.4696845 1.2972730 
Methanoplanus_petrolearius_DS 1.6552989 1.6758664 1.4052316 1.7280872 1.4584094 1.4225013 1.0320088 1.3864445 1.5718278 1.6175362 1.9124444 0.8596377 1.9894334 1.4337726 1.5503770 1.6177584 1.5340020 1.6746910 1.9763703 1.4268533 1.6470014 1.9461232 1.9380083 0.9062644 1.3753902 1.5542831 1.0431079 1.0478816 1.4350768 1.3203341 1.9118065 1.3708573 1.3892504 1.5269541 1.6552136 1.9773305 1.4986920 1.1210506 1.4871345 1.0031383 0.9899187 0.8430880 1.0404312 0.5601676 0.4662191 1.0674443 0.0000000 0.8356658 0.7943617 1.0233234 0.9829498 0.9633370 2.0826123 1.4608198 1.5818261 1.6424460 1.2556456 1.9464560 1.4847130 1.0670359 1.3310614 1.9533647 1.4370057 1.9817918 2.0632707 1.9010091 1.0409637 1.4162183 1.3540106 1.4398666 1.2656759 1.2777321 1.2783332 1.9753695 1.5366036 1.3588679 1.4531340 1.5129301 
Methanosaeta_thermophila_PT   1.6602200 1.5284323 1.3163186 1.7230811 1.4045215 1.3790679 1.0048420 1.2286463 1.3929834 1.4719241 1.8744583 0.7772988 1.8546254 1.2998467 1.4363908 1.4410183 1.4123428 1.5551358 1.8562074 1.2625369 1.5196120 1.8590065 1.8797937 0.7928911 1.2958054 1.3996829 1.0320685 1.0574028 1.3575448 1.3285389 1.8177299 1.2543969 1.2878343 1.3746677 1.4289155 1.8991002 1.4060868 1.0611190 1.3862821 0.9590420 0.9231707 0.7200963 1.0149697 0.8963653 0.7951468 0.9918431 0.8356658 0.0000000 0.7004188 0.9977476 0.9278071 0.9048925 1.9870056 1.4924398 1.4452398 1.5292141 1.1890623 1.9217796 1.3447352 0.9819525 1.1427297 1.8831549 1.2979827 1.9228511 1.9620968 1.8470334 0.9674179 1.2883433 1.2163480 1.3158187 1.1959968 1.2182769 1.2156909 1.9813382 1.4124579 1.3389519 1.3902964 1.3011947 
Methanosarcina_acetivorans_C2 1.6793352 1.6083095 1.3899015 1.7788936 1.5009433 1.3951508 1.0824293 1.3591321 1.3957633 1.5207375 1.9368662 0.8349570 2.0218985 1.4363165 1.4889060 1.6183028 1.4745399 1.6681092 1.9688568 1.3573570 1.5525481 1.9111247 1.9624077 0.8442742 1.3850918 1.5185543 1.0227791 1.0200905 1.4505304 1.3493633 1.9410610 1.3250903 1.3796239 1.4003331 1.5700778 1.9996730 1.4226808 1.0783052 1.4140099 0.9727760 0.9346187 0.7718303 0.9672093 0.8349188 0.8058841 1.0559521 0.7943617 0.7004188 0.0000000 0.9976906 0.9364716 0.9473212 2.0802151 1.5608520 1.4877071 1.6036763 1.2082635 2.0290471 1.4236950 1.0211728 1.2223501 1.9051266 1.3783432 1.9724503 2.0939660 1.9249250 0.9806229 1.3646812 1.3059324 1.4328893 1.2396214 1.2512800 1.2401515 2.1017329 1.4591870 1.4274476 1.4398729 1.2720529 
