23
African-lungfish_Protopterus_annectens    0.0000000 0.0672083 0.2438805 0.3301336 0.2359535 0.2680393 0.2571771 0.2672465 0.3432937 0.2912684 0.2596868 0.2547412 0.2725784 0.2681544 0.2594779 0.2930221 0.4118247 0.3781633 0.3062030 0.3088083 0.2525973 0.2722965 0.3494639 
American-lungfish_Lepidosiren_paradoxa    0.0672083 0.0000000 0.1517829 0.3187821 0.2176607 0.2303520 0.2346220 0.2477178 0.3477956 0.2683621 0.2367416 0.2550351 0.2425748 0.2463308 0.2350161 0.2291510 0.3787001 0.3194666 0.2990120 0.2556066 0.2344338 0.2394703 0.3539994 
Australian-lungfish_Neoceratodus_forsteri 0.2438805 0.1517829 0.0000000 0.4116486 0.2915247 0.3549757 0.3168604 0.3245404 0.4187622 0.3483817 0.3164952 0.3195925 0.3253692 0.3242348 0.3027239 0.3769534 0.4568337 0.3879350 0.3946719 0.3818970 0.3098198 0.3461252 0.4458075 
armadillo_Dasypus_novemcinctus            0.3301336 0.3187821 0.4116486 0.0000000 0.1261092 0.3020369 0.0597867 0.0688877 0.3072771 0.2926204 0.0612433 0.0907519 0.1644837 0.0826384 0.1096943 0.1541136 0.4636020 0.3804120 0.3225870 0.1906628 0.1278750 0.1329819 0.3246432 
chicken_Gallus_gallus                     0.2359535 0.2176607 0.2915247 0.1261092 0.0000000 0.2150627 0.0849259 0.0945638 0.2180331 0.2154085 0.0845070 0.0825802 0.0846203 0.1000148 0.0851184 0.1087913 0.3453749 0.2985742 0.2349552 0.0540739 0.0568118 0.0329420 0.2578736 
coelacanth_Latimeria_chalumnae            0.2680393 0.2303520 0.3549757 0.3020369 0.2150627 0.0000000 0.2303093 0.2435049 0.3348201 0.2761205 0.2325337 0.2429713 0.2495951 0.2467045 0.2355502 0.2652326 0.3812826 0.3622133 0.3109730 0.2959529 0.2316404 0.2528246 0.3557936 
dog_Canis_lupus                           0.2571771 0.2346220 0.3168604 0.0597867 0.0849259 0.2303093 0.0000000 0.0326778 0.2427825 0.2323544 0.0221557 0.0663490 0.1170802 0.0431188 0.0660872 0.0964894 0.3610324 0.3192402 0.2471657 0.1537407 0.0899057 0.1045495 0.2649684 
elephant_Loxodonta_africana               0.2672465 0.2477178 0.3245404 0.0688877 0.0945638 0.2435049 0.0326778 0.0000000 0.2506936 0.2423979 0.0347623 0.0754006 0.1225548 0.0526092 0.0730709 0.1127201 0.3743803 0.3261800 0.2597638 0.1641974 0.1041947 0.1155807 0.2791248 
frog_Silurana_tropicalis                  0.3432937 0.3477956 0.4187622 0.3072771 0.2180331 0.3348201 0.2427825 0.2506936 0.0000000 0.3329016 0.2415705 0.2411383 0.2536950 0.2507914 0.2446081 0.2229194 0.4764755 0.4254177 0.3451611 0.3178676 0.2250700 0.1769665 0.3690568 
gar_Lepisosteus_oculatus                  0.2912684 0.2683621 0.3483817 0.2926204 0.2154085 0.2761205 0.2323544 0.2423979 0.3329016 0.0000000 0.2327615 0.2453509 0.2354932 0.2410094 0.2321741 0.2721736 0.2646654 0.3318758 0.1713885 0.3095809 0.2352136 0.2557323 0.1816086 
human_Homo_sapiens                        0.2596868 0.2367416 0.3164952 0.0612433 0.0845070 0.2325337 0.0221557 0.0347623 0.2415705 0.2327615 0.0000000 0.0665558 0.1189470 0.0405790 0.0657781 0.1014210 0.3581377 0.3200603 0.2482038 0.1509822 0.0943541 0.1064787 0.2686878 
kangaroo_Macropus_eugenii                 0.2547412 0.2550351 0.3195925 0.0907519 0.0825802 0.2429713 0.0663490 0.0754006 0.2411383 0.2453509 0.0665558 0.0000000 0.1190501 0.0817758 0.0247992 0.1124373 0.3804695 0.3183850 0.2480248 0.1550400 0.0884590 0.0985064 0.2718126 
lizard_Anolis_carolinensis                0.2725784 0.2425748 0.3253692 0.1644837 0.0846203 0.2495951 0.1170802 0.1225548 0.2536950 0.2354932 0.1189470 0.1190501 0.0000000 0.1303533 0.1138673 0.1374472 0.3647749 0.3341669 0.2462595 0.1496358 0.0908683 0.0990910 0.2610294 
mouse_Mus_musculus                        0.2681544 0.2463308 0.3242348 0.0826384 0.1000148 0.2467045 0.0431188 0.0526092 0.2507914 0.2410094 0.0405790 0.0817758 0.1303533 0.0000000 0.0781104 0.1235052 0.3673501 0.3261767 0.2508187 0.1668683 0.1100032 0.1219672 0.2738369 
opossum_Monodelphis_domestica             0.2594779 0.2350161 0.3027239 0.1096943 0.0851184 0.2355502 0.0660872 0.0730709 0.2446081 0.2321741 0.0657781 0.0247992 0.1138673 0.0781104 0.0000000 0.0947082 0.3604139 0.3286022 0.2397186 0.1573859 0.0921849 0.0999827 0.2529723 
platypus_Ornithorhynchus_anatinus         0.2930221 0.2291510 0.3769534 0.1541136 0.1087913 0.2652326 0.0964894 0.1127201 0.2229194 0.2721736 0.1014210 0.1124373 0.1374472 0.1235052 0.0947082 0.0000000 0.3696962 0.3791486 0.2477546 0.2114464 0.1110444 0.1572645 0.2696660 
pufferfish_Takifugu_rubripes              0.4118247 0.3787001 0.4568337 0.4636020 0.3453749 0.3812826 0.3610324 0.3743803 0.4764755 0.2646654 0.3581377 0.3804695 0.3647749 0.3673501 0.3604139 0.3696962 0.0000000 0.4699086 0.0949420 0.4527239 0.3694361 0.4109278 0.2051042 
shark_Callorhinchus_milii                 0.3781633 0.3194666 0.3879350 0.3804120 0.2985742 0.3622133 0.3192402 0.3261800 0.4254177 0.3318758 0.3200603 0.3183850 0.3341669 0.3261767 0.3286022 0.3791486 0.4699086 0.0000000 0.3311913 0.3856389 0.3177668 0.3056325 0.3200445 
tilapia_Oreochromis_niloticus             0.3062030 0.2990120 0.3946719 0.3225870 0.2349552 0.3109730 0.2471657 0.2597638 0.3451611 0.1713885 0.2482038 0.2480248 0.2462595 0.2508187 0.2397186 0.2477546 0.0949420 0.3311913 0.0000000 0.3390968 0.2528069 0.2195478 0.1603520 
turkey_Meleagris_gallopavo                0.3088083 0.2556066 0.3818970 0.1906628 0.0540739 0.2959529 0.1537407 0.1641974 0.3178676 0.3095809 0.1509822 0.1550400 0.1496358 0.1668683 0.1573859 0.2114464 0.4527239 0.3856389 0.3390968 0.0000000 0.1070131 0.0975026 0.3706354 
turtle_Pelodiscus_sinensis                0.2525973 0.2344338 0.3098198 0.1278750 0.0568118 0.2316404 0.0899057 0.1041947 0.2250700 0.2352136 0.0943541 0.0884590 0.0908683 0.1100032 0.0921849 0.1110444 0.3694361 0.3177668 0.2528069 0.1070131 0.0000000 0.0720217 0.2806008 
zebrafinch_Taeniopygia_guttata            0.2722965 0.2394703 0.3461252 0.1329819 0.0329420 0.2528246 0.1045495 0.1155807 0.1769665 0.2557323 0.1064787 0.0985064 0.0990910 0.1219672 0.0999827 0.1572645 0.4109278 0.3056325 0.2195478 0.0975026 0.0720217 0.0000000 0.2401739 
zebrafish_Danio_rerio                     0.3494639 0.3539994 0.4458075 0.3246432 0.2578736 0.3557936 0.2649684 0.2791248 0.3690568 0.1816086 0.2686878 0.2718126 0.2610294 0.2738369 0.2529723 0.2696660 0.2051042 0.3200445 0.1603520 0.3706354 0.2806008 0.2401739 0.0000000 
