23
African-lungfish_Protopterus_annectens    0.0000000 0.0673892 0.2437126 0.3297159 0.2351679 0.2749691 0.2573901 0.2673503 0.3441016 0.2982802 0.2598290 0.2543097 0.2723371 0.2683953 0.2589808 0.2920666 0.4183924 0.3854739 0.3118954 0.3083975 0.2517934 0.2719283 0.3545036 
American-lungfish_Lepidosiren_paradoxa    0.0673892 0.0000000 0.1518198 0.3194568 0.2171766 0.2363577 0.2350972 0.2485003 0.3492532 0.2743653 0.2375605 0.2550447 0.2427477 0.2471232 0.2350413 0.2285732 0.3841178 0.3252641 0.3042604 0.2557365 0.2342809 0.2396352 0.3591103 
Australian-lungfish_Neoceratodus_forsteri 0.2437126 0.1518198 0.0000000 0.4116814 0.2909067 0.3610832 0.3171136 0.3252143 0.4192387 0.3539094 0.3169442 0.3197449 0.3253085 0.3248877 0.3030526 0.3764390 0.4623470 0.3930271 0.3998505 0.3816929 0.3096297 0.3460293 0.4510164 
armadillo_Dasypus_novemcinctus            0.3297159 0.3194568 0.4116814 0.0000000 0.1265726 0.3093690 0.0601839 0.0696364 0.3096249 0.2995495 0.0616271 0.0910203 0.1653444 0.0830027 0.1097152 0.1539979 0.4709678 0.3875164 0.3286968 0.1915161 0.1284169 0.1325221 0.3304481 
chicken_Gallus_gallus                     0.2351679 0.2171766 0.2909067 0.1265726 0.0000000 0.2214892 0.0855518 0.0953945 0.2192226 0.2219319 0.0850431 0.0827557 0.0846181 0.1007808 0.0850198 0.1083440 0.3512738 0.3049136 0.2401399 0.0539970 0.0567008 0.0329550 0.2627130 
coelacanth_Latimeria_chalumnae            0.2749691 0.2363577 0.3610832 0.3093690 0.2214892 0.0000000 0.2369737 0.2497916 0.3421085 0.2760962 0.2391729 0.2501299 0.2559592 0.2534384 0.2416816 0.2710454 0.3838100 0.3623510 0.3117880 0.3031689 0.2380829 0.2582807 0.3558252 
dog_Canis_lupus                           0.2573901 0.2350972 0.3171136 0.0601839 0.0855518 0.2369737 0.0000000 0.0334166 0.2449159 0.2386969 0.0224780 0.0668928 0.1176259 0.0435571 0.0663615 0.0970662 0.3678439 0.3256021 0.2527792 0.1546976 0.0907109 0.1047505 0.2703851 
elephant_Loxodonta_africana               0.2673503 0.2485003 0.3252143 0.0696364 0.0953945 0.2497916 0.0334166 0.0000000 0.2531178 0.2485593 0.0353663 0.0763059 0.1236043 0.0531131 0.0734110 0.1126248 0.3811970 0.3325152 0.2653888 0.1656357 0.1051714 0.1163864 0.2842923 
frog_Silurana_tropicalis                  0.3441016 0.3492532 0.4192387 0.3096249 0.2192226 0.3421085 0.2449159 0.2531178 0.0000000 0.3398896 0.2436077 0.2431038 0.2552916 0.2531072 0.2465795 0.2237741 0.4837771 0.4326255 0.3511206 0.3193695 0.2262349 0.1780053 0.3745016 
gar_Lepisosteus_oculatus                  0.2982802 0.2743653 0.3539094 0.2995495 0.2219319 0.2760962 0.2386969 0.2485593 0.3398896 0.0000000 0.2390881 0.2523526 0.2416702 0.2474249 0.2380418 0.2781507 0.2664086 0.3332410 0.1721113 0.3167789 0.2416936 0.2614661 0.1824189 
human_Homo_sapiens                        0.2598290 0.2375605 0.3169442 0.0616271 0.0850431 0.2391729 0.0224780 0.0353663 0.2436077 0.2390881 0.0000000 0.0669965 0.1196098 0.0407926 0.0659155 0.1017706 0.3650658 0.3265653 0.2538898 0.1520427 0.0950399 0.1068960 0.2740785 
kangaroo_Macropus_eugenii                 0.2543097 0.2550447 0.3197449 0.0910203 0.0827557 0.2501299 0.0668928 0.0763059 0.2431038 0.2523526 0.0669965 0.0000000 0.1195380 0.0824858 0.0247889 0.1123451 0.3873920 0.3255366 0.2538456 0.1554290 0.0889469 0.0987862 0.2775754 
lizard_Anolis_carolinensis                0.2723371 0.2427477 0.3253085 0.1653444 0.0846181 0.2559592 0.1176259 0.1236043 0.2552916 0.2416702 0.1196098 0.1195380 0.0000000 0.1314938 0.1142644 0.1377742 0.3708468 0.3402658 0.2509741 0.1498619 0.0912524 0.0992433 0.2658865 
mouse_Mus_musculus                        0.2683953 0.2471232 0.3248877 0.0830027 0.1007808 0.2534384 0.0435571 0.0531131 0.2531072 0.2474249 0.0407926 0.0824858 0.1314938 0.0000000 0.0785623 0.1237061 0.3744380 0.3327070 0.2564209 0.1682147 0.1107897 0.1224488 0.2792142 
opossum_Monodelphis_domestica             0.2589808 0.2350413 0.3030526 0.1097152 0.0850198 0.2416816 0.0663615 0.0734110 0.2465795 0.2380418 0.0659155 0.0247889 0.1142644 0.0785623 0.0000000 0.0947018 0.3665724 0.3347776 0.2443457 0.1576414 0.0925154 0.0999031 0.2576696 
platypus_Ornithorhynchus_anatinus         0.2920666 0.2285732 0.3764390 0.1539979 0.1083440 0.2710454 0.0970662 0.1126248 0.2237741 0.2781507 0.1017706 0.1123451 0.1377742 0.1237061 0.0947018 0.0000000 0.3759977 0.3851767 0.2517457 0.2111888 0.1107695 0.1567907 0.2720503 
pufferfish_Takifugu_rubripes              0.4183924 0.3841178 0.4623470 0.4709678 0.3512738 0.3838100 0.3678439 0.3811970 0.4837771 0.2664086 0.3650658 0.3873920 0.3708468 0.3744380 0.3665724 0.3759977 0.0000000 0.4731366 0.0961038 0.4597645 0.3756633 0.4170256 0.2062128 
shark_Callorhinchus_milii                 0.3854739 0.3252641 0.3930271 0.3875164 0.3049136 0.3623510 0.3256021 0.3325152 0.4326255 0.3332410 0.3265653 0.3255366 0.3402658 0.3327070 0.3347776 0.3851767 0.4731366 0.0000000 0.3329346 0.3927236 0.3239647 0.3113477 0.3212814 
tilapia_Oreochromis_niloticus             0.3118954 0.3042604 0.3998505 0.3286968 0.2401399 0.3117880 0.2527792 0.2653888 0.3511206 0.1721113 0.2538898 0.2538456 0.2509741 0.2564209 0.2443457 0.2517457 0.0961038 0.3329346 0.0000000 0.3442804 0.2581797 0.2229058 0.1614535 
turkey_Meleagris_gallopavo                0.3083975 0.2557365 0.3816929 0.1915161 0.0539970 0.3031689 0.1546976 0.1656357 0.3193695 0.3167789 0.1520427 0.1554290 0.1498619 0.1682147 0.1576414 0.2111888 0.4597645 0.3927236 0.3442804 0.0000000 0.1067524 0.0976094 0.3755985 
turtle_Pelodiscus_sinensis                0.2517934 0.2342809 0.3096297 0.1284169 0.0567008 0.2380829 0.0907109 0.1051714 0.2262349 0.2416936 0.0950399 0.0889469 0.0912524 0.1107897 0.0925154 0.1107695 0.3756633 0.3239647 0.2581797 0.1067524 0.0000000 0.0720415 0.2850443 
zebrafinch_Taeniopygia_guttata            0.2719283 0.2396352 0.3460293 0.1325221 0.0329550 0.2582807 0.1047505 0.1163864 0.1780053 0.2614661 0.1068960 0.0987862 0.0992433 0.1224488 0.0999031 0.1567907 0.4170256 0.3113477 0.2229058 0.0976094 0.0720415 0.0000000 0.2441080 
zebrafish_Danio_rerio                     0.3545036 0.3591103 0.4510164 0.3304481 0.2627130 0.3558252 0.2703851 0.2842923 0.3745016 0.1824189 0.2740785 0.2775754 0.2658865 0.2792142 0.2576696 0.2720503 0.2062128 0.3212814 0.1614535 0.3755985 0.2850443 0.2441080 0.0000000 
