23
African-lungfish_Protopterus_annectens    0.0000000 0.0675622 0.2442391 0.3303328 0.2359794 0.2717723 0.2576999 0.2674778 0.3446964 0.2951628 0.2601463 0.2546874 0.2726893 0.2685707 0.2593669 0.2927121 0.4151631 0.3822030 0.3095535 0.3092994 0.2527347 0.2724868 0.3524114 
American-lungfish_Lepidosiren_paradoxa    0.0675622 0.0000000 0.1520162 0.3195015 0.2178725 0.2332306 0.2353819 0.2483372 0.3489748 0.2711959 0.2376198 0.2549998 0.2430521 0.2469599 0.2351650 0.2287698 0.3809115 0.3218444 0.3012303 0.2562892 0.2350512 0.2397877 0.3561893 
Australian-lungfish_Neoceratodus_forsteri 0.2442391 0.1520162 0.0000000 0.4114998 0.2915994 0.3575525 0.3173001 0.3251101 0.4196886 0.3506589 0.3171271 0.3194204 0.3254794 0.3245332 0.3029335 0.3768344 0.4584017 0.3896831 0.3971909 0.3823668 0.3103515 0.3464024 0.4488520 
armadillo_Dasypus_novemcinctus            0.3303328 0.3195015 0.4114998 0.0000000 0.1265456 0.3058286 0.0598263 0.0691580 0.3090245 0.2962178 0.0612846 0.0908318 0.1648518 0.0825771 0.1095973 0.1540311 0.4673670 0.3839256 0.3258763 0.1916767 0.1283333 0.1327189 0.3278461 
chicken_Gallus_gallus                     0.2359794 0.2178725 0.2915994 0.1265456 0.0000000 0.2183603 0.0855444 0.0952633 0.2190381 0.2189691 0.0850379 0.0826975 0.0845834 0.1005600 0.0851180 0.1086170 0.3480238 0.3017463 0.2377780 0.0541646 0.0568564 0.0330374 0.2604623 
coelacanth_Latimeria_chalumnae            0.2717723 0.2332306 0.3575525 0.3058286 0.2183603 0.0000000 0.2337749 0.2468104 0.3384387 0.2767505 0.2360153 0.2471864 0.2530603 0.2501517 0.2389094 0.2682876 0.3831683 0.3622098 0.3117295 0.2997177 0.2348748 0.2554315 0.3563943 
dog_Canis_lupus                           0.2576999 0.2353819 0.3173001 0.0598263 0.0855444 0.2337749 0.0000000 0.0330349 0.2442406 0.2356740 0.0223128 0.0666451 0.1175227 0.0432067 0.0662695 0.0967511 0.3645215 0.3224656 0.2501573 0.1549144 0.0905439 0.1046311 0.2678271 
elephant_Loxodonta_africana               0.2674778 0.2483372 0.3251101 0.0691580 0.0952633 0.2468104 0.0330349 0.0000000 0.2524917 0.2457334 0.0351089 0.0759300 0.1232405 0.0526600 0.0733455 0.1125365 0.3777756 0.3294238 0.2627836 0.1654784 0.1049065 0.1158171 0.2820099 
frog_Silurana_tropicalis                  0.3446964 0.3489748 0.4196886 0.3090245 0.2190381 0.3384387 0.2442406 0.2524917 0.0000000 0.3364120 0.2431187 0.2423775 0.2545919 0.2524631 0.2459160 0.2237415 0.4798390 0.4289785 0.3481123 0.3190554 0.2262631 0.1779932 0.3714742 
gar_Lepisosteus_oculatus                  0.2951628 0.2711959 0.3506589 0.2962178 0.2189691 0.2767505 0.2356740 0.2457334 0.3364120 0.0000000 0.2361009 0.2495726 0.2389981 0.2443212 0.2354901 0.2755883 0.2659088 0.3331838 0.1719182 0.3135168 0.2386574 0.2587531 0.1821877 
human_Homo_sapiens                        0.2601463 0.2376198 0.3171271 0.0612846 0.0850379 0.2360153 0.0223128 0.0351089 0.2431187 0.2361009 0.0000000 0.0667559 0.1192356 0.0406777 0.0658279 0.1014788 0.3616967 0.3233133 0.2513247 0.1520752 0.0948913 0.1065713 0.2716265 
kangaroo_Macropus_eugenii                 0.2546874 0.2549998 0.3194204 0.0908318 0.0826975 0.2471864 0.0666451 0.0759300 0.2423775 0.2495726 0.0667559 0.0000000 0.1192055 0.0819954 0.0247075 0.1122076 0.3841728 0.3224225 0.2516875 0.1555663 0.0888580 0.0986007 0.2751226 
lizard_Anolis_carolinensis                0.2726893 0.2430521 0.3254794 0.1648518 0.0845834 0.2530603 0.1175227 0.1232405 0.2545919 0.2389981 0.1192356 0.1192055 0.0000000 0.1308609 0.1140357 0.1375359 0.3679882 0.3375108 0.2490200 0.1499624 0.0910833 0.0992264 0.2637794 
mouse_Mus_musculus                        0.2685707 0.2469599 0.3245332 0.0825771 0.1005600 0.2501517 0.0432067 0.0526600 0.2524631 0.2443212 0.0406777 0.0819954 0.1308609 0.0000000 0.0782386 0.1232825 0.3707344 0.3293043 0.2538075 0.1679501 0.1105499 0.1219618 0.2766863 
opossum_Monodelphis_domestica             0.2593669 0.2351650 0.3029335 0.1095973 0.0851180 0.2389094 0.0662695 0.0733455 0.2459160 0.2354901 0.0658279 0.0247075 0.1140357 0.0782386 0.0000000 0.0945709 0.3636695 0.3318039 0.2423488 0.1577915 0.0924455 0.0996761 0.2555476 
platypus_Ornithorhynchus_anatinus         0.2927121 0.2287698 0.3768344 0.1540311 0.1086170 0.2682876 0.0967511 0.1125365 0.2237415 0.2755883 0.1014788 0.1122076 0.1375359 0.1232825 0.0945709 0.0000000 0.3729756 0.3823497 0.2501076 0.2115959 0.1108648 0.1569538 0.2711214 
pufferfish_Takifugu_rubripes              0.4151631 0.3809115 0.4584017 0.4673670 0.3480238 0.3831683 0.3645215 0.3777756 0.4798390 0.2659088 0.3616967 0.3841728 0.3679882 0.3707344 0.3636695 0.3729756 0.0000000 0.4720312 0.0951842 0.4558886 0.3722743 0.4136306 0.2052514 
shark_Callorhinchus_milii                 0.3822030 0.3218444 0.3896831 0.3839256 0.3017463 0.3622098 0.3224656 0.3294238 0.4289785 0.3331838 0.3233133 0.3224225 0.3375108 0.3293043 0.3318039 0.3823497 0.4720312 0.0000000 0.3322486 0.3892167 0.3207508 0.3084067 0.3204856 
tilapia_Oreochromis_niloticus             0.3095535 0.3012303 0.3971909 0.3258763 0.2377780 0.3117295 0.2501573 0.2627836 0.3481123 0.1719182 0.2513247 0.2516875 0.2490200 0.2538075 0.2423488 0.2501076 0.0951842 0.3322486 0.0000000 0.3418646 0.2558248 0.2211902 0.1606871 
turkey_Meleagris_gallopavo                0.3092994 0.2562892 0.3823668 0.1916767 0.0541646 0.2997177 0.1549144 0.1654784 0.3190554 0.3135168 0.1520752 0.1555663 0.1499624 0.1679501 0.1577915 0.2115959 0.4558886 0.3892167 0.3418646 0.0000000 0.1068971 0.0979322 0.3734168 
turtle_Pelodiscus_sinensis                0.2527347 0.2350512 0.3103515 0.1283333 0.0568564 0.2348748 0.0905439 0.1049065 0.2262631 0.2386574 0.0948913 0.0888580 0.0910833 0.1105499 0.0924455 0.1108648 0.3722743 0.3207508 0.2558248 0.1068971 0.0000000 0.0719972 0.2828669 
zebrafinch_Taeniopygia_guttata            0.2724868 0.2397877 0.3464024 0.1327189 0.0330374 0.2554315 0.1046311 0.1158171 0.1779932 0.2587531 0.1065713 0.0986007 0.0992264 0.1219618 0.0996761 0.1569538 0.4136306 0.3084067 0.2211902 0.0979322 0.0719972 0.0000000 0.2421553 
zebrafish_Danio_rerio                     0.3524114 0.3561893 0.4488520 0.3278461 0.2604623 0.3563943 0.2678271 0.2820099 0.3714742 0.1821877 0.2716265 0.2751226 0.2637794 0.2766863 0.2555476 0.2711214 0.2052514 0.3204856 0.1606871 0.3734168 0.2828669 0.2421553 0.0000000 
