23
African-lungfish_Protopterus_annectens    0.0000000 0.0674234 0.2440159 0.3300983 0.2355180 0.2736910 0.2574046 0.2675759 0.3447026 0.2971212 0.2600413 0.2544717 0.2725331 0.2684553 0.2591645 0.2925379 0.4173518 0.3843504 0.3110240 0.3089067 0.2521849 0.2723540 0.3541248 
American-lungfish_Lepidosiren_paradoxa    0.0674234 0.0000000 0.1519497 0.3196060 0.2173971 0.2354579 0.2351173 0.2485416 0.3494044 0.2734891 0.2375853 0.2547995 0.2429758 0.2471616 0.2350159 0.2287867 0.3831616 0.3242994 0.3033291 0.2560110 0.2345041 0.2398511 0.3582478 
Australian-lungfish_Neoceratodus_forsteri 0.2440159 0.1519497 0.0000000 0.4120447 0.2913039 0.3599097 0.3172857 0.3253991 0.4198472 0.3529587 0.3171147 0.3195967 0.3257300 0.3248273 0.3031328 0.3769963 0.4615725 0.3920023 0.3993933 0.3822583 0.3100203 0.3466100 0.4506353 
armadillo_Dasypus_novemcinctus            0.3300983 0.3196060 0.4120447 0.0000000 0.1266037 0.3078719 0.0601207 0.0697284 0.3097883 0.2982234 0.0617077 0.0909712 0.1652408 0.0829775 0.1098684 0.1539985 0.4697162 0.3861294 0.3273508 0.1916108 0.1284367 0.1324471 0.3295297 
chicken_Gallus_gallus                     0.2355180 0.2173971 0.2913039 0.1266037 0.0000000 0.2200184 0.0853898 0.0953795 0.2193893 0.2205994 0.0850149 0.0825527 0.0845762 0.1006481 0.0849786 0.1084798 0.3498614 0.3034960 0.2389457 0.0540583 0.0567611 0.0329862 0.2618541 
coelacanth_Latimeria_chalumnae            0.2736910 0.2354579 0.3599097 0.3078719 0.2200184 0.0000000 0.2356442 0.2484952 0.3407180 0.2764097 0.2378619 0.2488145 0.2545267 0.2520609 0.2403852 0.2695292 0.3841817 0.3620758 0.3120826 0.3017641 0.2366996 0.2570853 0.3563573 
dog_Canis_lupus                           0.2574046 0.2351173 0.3172857 0.0601207 0.0853898 0.2356442 0.0000000 0.0333333 0.2447812 0.2375062 0.0223857 0.0666734 0.1176149 0.0433662 0.0662967 0.0967929 0.3666691 0.3245006 0.2515586 0.1547298 0.0905381 0.1046444 0.2694787 
elephant_Loxodonta_africana               0.2675759 0.2485416 0.3253991 0.0697284 0.0953795 0.2484952 0.0333333 0.0000000 0.2531761 0.2473957 0.0354029 0.0762452 0.1234658 0.0530550 0.0734905 0.1125730 0.3800368 0.3312932 0.2642011 0.1656841 0.1051587 0.1163004 0.2834493 
frog_Silurana_tropicalis                  0.3447026 0.3494044 0.4198472 0.3097883 0.2193893 0.3407180 0.2447812 0.2531761 0.0000000 0.3386562 0.2436498 0.2430871 0.2553109 0.2530132 0.2465891 0.2238900 0.4825919 0.4314661 0.3501366 0.3197047 0.2264169 0.1782359 0.3739011 
gar_Lepisosteus_oculatus                  0.2971212 0.2734891 0.3529587 0.2982234 0.2205994 0.2764097 0.2375062 0.2473957 0.3386562 0.0000000 0.2379119 0.2511871 0.2403927 0.2461881 0.2368919 0.2767958 0.2666968 0.3331023 0.1721582 0.3155490 0.2404528 0.2604407 0.1826156 
human_Homo_sapiens                        0.2600413 0.2375853 0.3171147 0.0617077 0.0850149 0.2378619 0.0223857 0.0354029 0.2436498 0.2379119 0.0000000 0.0669251 0.1194650 0.0407211 0.0659867 0.1017035 0.3639032 0.3253277 0.2526863 0.1520710 0.0950143 0.1067972 0.2732134 
kangaroo_Macropus_eugenii                 0.2544717 0.2547995 0.3195967 0.0909712 0.0825527 0.2488145 0.0666734 0.0762452 0.2430871 0.2511871 0.0669251 0.0000000 0.1191690 0.0822922 0.0246668 0.1122800 0.3862808 0.3243740 0.2527077 0.1554274 0.0888901 0.0986379 0.2769531 
lizard_Anolis_carolinensis                0.2725331 0.2429758 0.3257300 0.1652408 0.0845762 0.2545267 0.1176149 0.1234658 0.2553109 0.2403927 0.1194650 0.1191690 0.0000000 0.1312278 0.1141132 0.1377501 0.3695124 0.3390617 0.2498550 0.1500511 0.0912070 0.0993428 0.2651425 
mouse_Mus_musculus                        0.2684553 0.2471616 0.3248273 0.0829775 0.1006481 0.2520609 0.0433662 0.0530550 0.2530132 0.2461881 0.0407211 0.0822922 0.1312278 0.0000000 0.0785194 0.1234831 0.3730843 0.3313988 0.2552396 0.1681043 0.1106522 0.1221615 0.2783730 
opossum_Monodelphis_domestica             0.2591645 0.2350159 0.3031328 0.1098684 0.0849786 0.2403852 0.0662967 0.0734905 0.2465891 0.2368919 0.0659867 0.0246668 0.1141132 0.0785194 0.0000000 0.0946292 0.3654194 0.3335538 0.2431772 0.1576541 0.0924719 0.0997601 0.2568958 
platypus_Ornithorhynchus_anatinus         0.2925379 0.2287867 0.3769963 0.1539985 0.1084798 0.2695292 0.0967929 0.1125730 0.2238900 0.2767958 0.1017035 0.1122800 0.1377501 0.1234831 0.0946292 0.0000000 0.3746101 0.3838601 0.2507309 0.2115165 0.1109067 0.1569517 0.2717109 
pufferfish_Takifugu_rubripes              0.4173518 0.3831616 0.4615725 0.4697162 0.3498614 0.3841817 0.3666691 0.3800368 0.4825919 0.2666968 0.3639032 0.3862808 0.3695124 0.3730843 0.3654194 0.3746101 0.0000000 0.4729372 0.0960474 0.4586038 0.3743985 0.4161111 0.2064904 
shark_Callorhinchus_milii                 0.3843504 0.3242994 0.3920023 0.3861294 0.3034960 0.3620758 0.3245006 0.3312932 0.4314661 0.3331023 0.3253277 0.3243740 0.3390617 0.3313988 0.3335538 0.3838601 0.4729372 0.0000000 0.3327842 0.3914463 0.3227142 0.3102861 0.3208832 
tilapia_Oreochromis_niloticus             0.3110240 0.3033291 0.3993933 0.3273508 0.2389457 0.3120826 0.2515586 0.2642011 0.3501366 0.1721582 0.2526863 0.2527077 0.2498550 0.2552396 0.2431772 0.2507309 0.0960474 0.3327842 0.0000000 0.3433592 0.2571710 0.2223735 0.1613938 
turkey_Meleagris_gallopavo                0.3089067 0.2560110 0.3822583 0.1916108 0.0540583 0.3017641 0.1547298 0.1656841 0.3197047 0.3155490 0.1520710 0.1554274 0.1500511 0.1681043 0.1576541 0.2115165 0.4586038 0.3914463 0.3433592 0.0000000 0.1068873 0.0977429 0.3749922 
turtle_Pelodiscus_sinensis                0.2521849 0.2345041 0.3100203 0.1284367 0.0567611 0.2366996 0.0905381 0.1051587 0.2264169 0.2404528 0.0950143 0.0888901 0.0912070 0.1106522 0.0924719 0.1109067 0.3743985 0.3227142 0.2571710 0.1068873 0.0000000 0.0721198 0.2844003 
zebrafinch_Taeniopygia_guttata            0.2723540 0.2398511 0.3466100 0.1324471 0.0329862 0.2570853 0.1046444 0.1163004 0.1782359 0.2604407 0.1067972 0.0986379 0.0993428 0.1221615 0.0997601 0.1569517 0.4161111 0.3102861 0.2223735 0.0977429 0.0721198 0.0000000 0.2435716 
zebrafish_Danio_rerio                     0.3541248 0.3582478 0.4506353 0.3295297 0.2618541 0.3563573 0.2694787 0.2834493 0.3739011 0.1826156 0.2732134 0.2769531 0.2651425 0.2783730 0.2568958 0.2717109 0.2064904 0.3208832 0.1613938 0.3749922 0.2844003 0.2435716 0.0000000 
