23
African-lungfish_Protopterus_annectens    0.0000000 0.0673796 0.2435869 0.3295739 0.2350978 0.2759584 0.2573128 0.2672803 0.3443075 0.2992660 0.2597602 0.2542684 0.2722506 0.2685166 0.2588905 0.2924143 0.4196353 0.3866039 0.3126976 0.3082469 0.2517152 0.2718655 0.3556994 
American-lungfish_Lepidosiren_paradoxa    0.0673796 0.0000000 0.1517945 0.3194744 0.2172012 0.2368775 0.2351262 0.2485377 0.3496875 0.2748891 0.2375952 0.2550687 0.2427751 0.2471625 0.2350643 0.2286905 0.3847866 0.3258797 0.3048864 0.2557496 0.2343041 0.2397653 0.3600419 
Australian-lungfish_Neoceratodus_forsteri 0.2435869 0.1517945 0.0000000 0.4114518 0.2908025 0.3622340 0.3169914 0.3251033 0.4195375 0.3549835 0.3168345 0.3196099 0.3251610 0.3247831 0.3029173 0.3769084 0.4637376 0.3941941 0.4006065 0.3814751 0.3095097 0.3460000 0.4520010 
armadillo_Dasypus_novemcinctus            0.3295739 0.3194744 0.4114518 0.0000000 0.1265232 0.3104124 0.0601552 0.0696063 0.3098072 0.3005276 0.0615988 0.0909910 0.1652758 0.0831110 0.1096636 0.1542663 0.4722788 0.3886391 0.3294860 0.1914229 0.1283628 0.1324775 0.3314843 
chicken_Gallus_gallus                     0.2350978 0.2172012 0.2908025 0.1265232 0.0000000 0.2223430 0.0855175 0.0953606 0.2193949 0.2227415 0.0850103 0.0827305 0.0845825 0.1008777 0.0849828 0.1085568 0.3523820 0.3058604 0.2407877 0.0539700 0.0566737 0.0329395 0.2635963 
coelacanth_Latimeria_chalumnae            0.2759584 0.2368775 0.3622340 0.3104124 0.2223430 0.0000000 0.2378627 0.2506693 0.3431745 0.2762005 0.2400450 0.2509298 0.2569011 0.2542804 0.2426209 0.2715235 0.3838870 0.3622380 0.3119798 0.3042706 0.2389935 0.2591653 0.3562887 
dog_Canis_lupus                           0.2573128 0.2351262 0.3169914 0.0601552 0.0855175 0.2378627 0.0000000 0.0333996 0.2450943 0.2395427 0.0224656 0.0668693 0.1175812 0.0436560 0.0663284 0.0972740 0.3689760 0.3265942 0.2534596 0.1546294 0.0906727 0.1047141 0.2713164 
elephant_Loxodonta_africana               0.2672803 0.2485377 0.3251033 0.0696063 0.0953606 0.2506693 0.0333996 0.0000000 0.2532956 0.2493924 0.0353491 0.0762824 0.1235618 0.0532086 0.0733777 0.1128353 0.3823243 0.3334847 0.2660589 0.1655680 0.1051330 0.1163531 0.2851983 
frog_Silurana_tropicalis                  0.3443075 0.3496875 0.4195375 0.3098072 0.2193949 0.3431745 0.2450943 0.2532956 0.0000000 0.3409722 0.2437842 0.2433439 0.2554740 0.2534561 0.2467600 0.2240577 0.4852154 0.4337918 0.3520407 0.3195468 0.2264128 0.1779646 0.3755334 
gar_Lepisosteus_oculatus                  0.2992660 0.2748891 0.3549835 0.3005276 0.2227415 0.2762005 0.2395427 0.2493924 0.3409722 0.0000000 0.2399171 0.2531110 0.2425449 0.2482179 0.2389260 0.2786315 0.2663269 0.3333526 0.1721075 0.3178393 0.2425621 0.2623388 0.1826753 
human_Homo_sapiens                        0.2597602 0.2375952 0.3168345 0.0615988 0.0850103 0.2400450 0.0224656 0.0353491 0.2437842 0.2399171 0.0000000 0.0669736 0.1195674 0.0408895 0.0658839 0.1019773 0.3661683 0.3275400 0.2545552 0.1519783 0.0950026 0.1068619 0.2749853 
kangaroo_Macropus_eugenii                 0.2542684 0.2550687 0.3196099 0.0909910 0.0827305 0.2509298 0.0668693 0.0762824 0.2433439 0.2531110 0.0669736 0.0000000 0.1195056 0.0824616 0.0247768 0.1125869 0.3884182 0.3264107 0.2543534 0.1553802 0.0889193 0.0987760 0.2782492 
lizard_Anolis_carolinensis                0.2722506 0.2427751 0.3251610 0.1652758 0.0845825 0.2569011 0.1175812 0.1235618 0.2554740 0.2425449 0.1195674 0.1195056 0.0000000 0.1315974 0.1142228 0.1380015 0.3720343 0.3413020 0.2516718 0.1497870 0.0912124 0.0992047 0.2668529 
mouse_Mus_musculus                        0.2685166 0.2471625 0.3247831 0.0831110 0.1008777 0.2542804 0.0436560 0.0532086 0.2534561 0.2482179 0.0408895 0.0824616 0.1315974 0.0000000 0.0786636 0.1239233 0.3754930 0.3336289 0.2570346 0.1683240 0.1108903 0.1226376 0.2800468 
opossum_Monodelphis_domestica             0.2588905 0.2350643 0.3029173 0.1096636 0.0849828 0.2426209 0.0663284 0.0733777 0.2467600 0.2389260 0.0658839 0.0247768 0.1142228 0.0786636 0.0000000 0.0949022 0.3677715 0.3358214 0.2450504 0.1575600 0.0924734 0.0998608 0.2586506 
platypus_Ornithorhynchus_anatinus         0.2924143 0.2286905 0.3769084 0.1542663 0.1085568 0.2715235 0.0972740 0.1128353 0.2240577 0.2786315 0.1019773 0.1125869 0.1380015 0.1239233 0.0949022 0.0000000 0.3766212 0.3857212 0.2518661 0.2115110 0.1109796 0.1571292 0.2721717 
pufferfish_Takifugu_rubripes              0.4196353 0.3847866 0.4637376 0.4722788 0.3523820 0.3838870 0.3689760 0.3823243 0.4852154 0.2663269 0.3661683 0.3884182 0.3720343 0.3754930 0.3677715 0.3766212 0.0000000 0.4731887 0.0960870 0.4611932 0.3768434 0.4183365 0.2065246 
shark_Callorhinchus_milii                 0.3866039 0.3258797 0.3941941 0.3886391 0.3058604 0.3622380 0.3265942 0.3334847 0.4337918 0.3333526 0.3275400 0.3264107 0.3413020 0.3336289 0.3358214 0.3857212 0.4731887 0.0000000 0.3331458 0.3939156 0.3249722 0.3122871 0.3217261 
tilapia_Oreochromis_niloticus             0.3126976 0.3048864 0.4006065 0.3294860 0.2407877 0.3119798 0.2534596 0.2660589 0.3520407 0.1721075 0.2545552 0.2543534 0.2516718 0.2570346 0.2450504 0.2518661 0.0960870 0.3331458 0.0000000 0.3451616 0.2588791 0.2233859 0.1617089 
turkey_Meleagris_gallopavo                0.3082469 0.2557496 0.3814751 0.1914229 0.0539700 0.3042706 0.1546294 0.1655680 0.3195468 0.3178393 0.1519783 0.1553802 0.1497870 0.1683240 0.1575600 0.2115110 0.4611932 0.3939156 0.3451616 0.0000000 0.1066992 0.0975694 0.3767259 
turtle_Pelodiscus_sinensis                0.2517152 0.2343041 0.3095097 0.1283628 0.0566737 0.2389935 0.0906727 0.1051330 0.2264128 0.2425621 0.0950026 0.0889193 0.0912124 0.1108903 0.0924734 0.1109796 0.3768434 0.3249722 0.2588791 0.1066992 0.0000000 0.0720121 0.2860280 
zebrafinch_Taeniopygia_guttata            0.2718655 0.2397653 0.3460000 0.1324775 0.0329395 0.2591653 0.1047141 0.1163531 0.1779646 0.2623388 0.1068619 0.0987760 0.0992047 0.1226376 0.0998608 0.1571292 0.4183365 0.3122871 0.2233859 0.0975694 0.0720121 0.0000000 0.2446252 
zebrafish_Danio_rerio                     0.3556994 0.3600419 0.4520010 0.3314843 0.2635963 0.3562887 0.2713164 0.2851983 0.3755334 0.1826753 0.2749853 0.2782492 0.2668529 0.2800468 0.2586506 0.2721717 0.2065246 0.3217261 0.1617089 0.3767259 0.2860280 0.2446252 0.0000000 
