23
African-lungfish_Protopterus_annectens    0.0000000 0.0673798 0.2437005 0.3297077 0.2351601 0.2749763 0.2573816 0.2673424 0.3444210 0.2983601 0.2598208 0.2543573 0.2723281 0.2684118 0.2589716 0.2922734 0.4187916 0.3855090 0.3125360 0.3083878 0.2517850 0.2720565 0.3555057 
American-lungfish_Lepidosiren_paradoxa    0.0673798 0.0000000 0.1517344 0.3194007 0.2171440 0.2366096 0.2350598 0.2484631 0.3496159 0.2745962 0.2375241 0.2549980 0.2427073 0.2470861 0.2350021 0.2286590 0.3844135 0.3254311 0.3047244 0.2556906 0.2342429 0.2397430 0.3598334 
Australian-lungfish_Neoceratodus_forsteri 0.2437005 0.1517344 0.0000000 0.4116671 0.2908939 0.3609669 0.3170995 0.3252016 0.4197375 0.3538982 0.3169309 0.3197293 0.3252937 0.3246322 0.3030367 0.3767010 0.4627680 0.3930658 0.4004121 0.3816794 0.3096162 0.3462529 0.4517640 
armadillo_Dasypus_novemcinctus            0.3297077 0.3194007 0.4116671 0.0000000 0.1265674 0.3093858 0.0601810 0.0696333 0.3099283 0.2996312 0.0616242 0.0910346 0.1653379 0.0830062 0.1097101 0.1541061 0.4714144 0.3875529 0.3293300 0.1915092 0.1284113 0.1325777 0.3313266 
chicken_Gallus_gallus                     0.2351601 0.2171440 0.2908939 0.1265674 0.0000000 0.2214861 0.0855481 0.0953905 0.2194515 0.2219849 0.0850394 0.0827672 0.0846143 0.1007845 0.0850159 0.1084069 0.3516084 0.3049325 0.2406679 0.0539943 0.0566981 0.0329664 0.2634595 
coelacanth_Latimeria_chalumnae            0.2749763 0.2366096 0.3609669 0.3093858 0.2214861 0.0000000 0.2369734 0.2497937 0.3421996 0.2761135 0.2391731 0.2499211 0.2559625 0.2533217 0.2416822 0.2703582 0.3835980 0.3619912 0.3118409 0.3031847 0.2380826 0.2578010 0.3561283 
dog_Canis_lupus                           0.2573816 0.2350598 0.3170995 0.0601810 0.0855481 0.2369734 0.0000000 0.0334151 0.2451619 0.2387552 0.0224769 0.0669020 0.1176207 0.0435584 0.0663582 0.0971230 0.3681910 0.3256244 0.2533310 0.1546912 0.0907068 0.1047914 0.2711761 
elephant_Loxodonta_africana               0.2673424 0.2484631 0.3252016 0.0696333 0.0953905 0.2497937 0.0334151 0.0000000 0.2533603 0.2486184 0.0353647 0.0763163 0.1235992 0.0531147 0.0734076 0.1126892 0.3815443 0.3325384 0.2659238 0.1656294 0.1051669 0.1164297 0.2850515 
frog_Silurana_tropicalis                  0.3444210 0.3496159 0.4197375 0.3099283 0.2194515 0.3421996 0.2451619 0.2533603 0.0000000 0.3401084 0.2438485 0.2434302 0.2555541 0.2533707 0.2468420 0.2239160 0.4844033 0.4327467 0.3518869 0.3197009 0.2264763 0.1780772 0.3753632 
gar_Lepisosteus_oculatus                  0.2983601 0.2745962 0.3538982 0.2996312 0.2219849 0.2761135 0.2387552 0.2486184 0.3401084 0.0000000 0.2391452 0.2522206 0.2417315 0.2473707 0.2381034 0.2775995 0.2662181 0.3332543 0.1720359 0.3168718 0.2417540 0.2611325 0.1825970 
human_Homo_sapiens                        0.2598208 0.2375241 0.3169309 0.0616242 0.0850394 0.2391731 0.0224769 0.0353647 0.2438485 0.2391452 0.0000000 0.0670057 0.1196047 0.0407938 0.0659123 0.1018291 0.3654018 0.3265873 0.2544263 0.1520364 0.0950358 0.1069361 0.2748418 
kangaroo_Macropus_eugenii                 0.2543573 0.2549980 0.3197293 0.0910346 0.0827672 0.2499211 0.0669020 0.0763163 0.2434302 0.2522206 0.0670057 0.0000000 0.1195565 0.0823580 0.0247924 0.1124206 0.3875274 0.3253391 0.2542289 0.1554580 0.0889599 0.0988567 0.2781029 
lizard_Anolis_carolinensis                0.2723281 0.2427073 0.3252937 0.1653379 0.0846143 0.2559625 0.1176207 0.1235992 0.2555541 0.2417315 0.1196047 0.1195565 0.0000000 0.1314993 0.1142594 0.1378540 0.3712160 0.3402917 0.2515494 0.1498554 0.0912481 0.0992839 0.2667193 
mouse_Mus_musculus                        0.2684118 0.2470861 0.3246322 0.0830062 0.1007845 0.2533217 0.0435584 0.0531147 0.2533707 0.2473707 0.0407938 0.0823580 0.1314993 0.0000000 0.0785651 0.1235924 0.3745250 0.3325933 0.2569049 0.1682243 0.1107940 0.1225098 0.2798995 
opossum_Monodelphis_domestica             0.2589716 0.2350021 0.3030367 0.1097101 0.0850159 0.2416822 0.0663582 0.0734076 0.2468420 0.2381034 0.0659123 0.0247924 0.1142594 0.0785651 0.0000000 0.0947551 0.3669442 0.3348029 0.2449301 0.1576344 0.0925109 0.0999457 0.2585203 
platypus_Ornithorhynchus_anatinus         0.2922734 0.2286590 0.3767010 0.1541061 0.1084069 0.2703582 0.0971230 0.1126892 0.2239160 0.2775995 0.1018291 0.1124206 0.1378540 0.1235924 0.0947551 0.0000000 0.3756479 0.3844643 0.2517516 0.2113594 0.1108326 0.1569351 0.2720579 
pufferfish_Takifugu_rubripes              0.4187916 0.3844135 0.4627680 0.4714144 0.3516084 0.3835980 0.3681910 0.3815443 0.4844033 0.2662181 0.3654018 0.3875274 0.3712160 0.3745250 0.3669442 0.3756479 0.0000000 0.4728944 0.0960595 0.4602528 0.3760321 0.4170645 0.2064355 
shark_Callorhinchus_milii                 0.3855090 0.3254311 0.3930658 0.3875529 0.3049325 0.3619912 0.3256244 0.3325384 0.4327467 0.3332543 0.3265873 0.3253391 0.3402917 0.3325933 0.3348029 0.3844643 0.4728944 0.0000000 0.3329773 0.3927631 0.3239873 0.3108842 0.3215582 
tilapia_Oreochromis_niloticus             0.3125360 0.3047244 0.4004121 0.3293300 0.2406679 0.3118409 0.2533310 0.2659238 0.3518869 0.1720359 0.2544263 0.2542289 0.2515494 0.2569049 0.2449301 0.2517516 0.0960595 0.3329773 0.0000000 0.3450040 0.2587496 0.2232901 0.1616451 
turkey_Meleagris_gallopavo                0.3083878 0.2556906 0.3816794 0.1915092 0.0539943 0.3031847 0.1546912 0.1656294 0.3197009 0.3168718 0.1520364 0.1554580 0.1498554 0.1682243 0.1576344 0.2113594 0.4602528 0.3927631 0.3450040 0.0000000 0.1067473 0.0976528 0.3765562 
turtle_Pelodiscus_sinensis                0.2517850 0.2342429 0.3096162 0.1284113 0.0566981 0.2380826 0.0907068 0.1051669 0.2264763 0.2417540 0.0950358 0.0889599 0.0912481 0.1107940 0.0925109 0.1108326 0.3760321 0.3239873 0.2587496 0.1067473 0.0000000 0.0720688 0.2858782 
zebrafinch_Taeniopygia_guttata            0.2720565 0.2397430 0.3462529 0.1325777 0.0329664 0.2578010 0.1047914 0.1164297 0.1780772 0.2611325 0.1069361 0.0988567 0.0992839 0.1225098 0.0999457 0.1569351 0.4170645 0.3108842 0.2232901 0.0976528 0.0720688 0.0000000 0.2445073 
zebrafish_Danio_rerio                     0.3555057 0.3598334 0.4517640 0.3313266 0.2634595 0.3561283 0.2711761 0.2850515 0.3753632 0.1825970 0.2748418 0.2781029 0.2667193 0.2798995 0.2585203 0.2720579 0.2064355 0.3215582 0.1616451 0.3765562 0.2858782 0.2445073 0.0000000 
