23
African-lungfish_Protopterus_annectens    0.0000000 0.0641265 0.2313678 0.3138152 0.2242630 0.2370808 0.2428158 0.2529660 0.3245308 0.2619152 0.2449484 0.2411944 0.2578316 0.2531423 0.2457853 0.2765520 0.3826651 0.3500469 0.2847940 0.2944746 0.2394016 0.2580368 0.3240201 
American-lungfish_Lepidosiren_paradoxa    0.0641265 0.0000000 0.1446515 0.3048132 0.2054786 0.2012970 0.2220871 0.2346089 0.3273101 0.2398497 0.2242400 0.2421248 0.2290470 0.2326978 0.2227002 0.2135955 0.3511567 0.2949933 0.2747077 0.2405880 0.2222270 0.2269632 0.3227479 
Australian-lungfish_Neoceratodus_forsteri 0.2313678 0.1446515 0.0000000 0.3946185 0.2780783 0.3293239 0.3021072 0.3078423 0.4006868 0.3241598 0.3009018 0.3046415 0.3104341 0.3078285 0.2879150 0.3583699 0.4277191 0.3661097 0.3744979 0.3651241 0.2953251 0.3310292 0.4196381 
armadillo_Dasypus_novemcinctus            0.3138152 0.3048132 0.3946185 0.0000000 0.1185056 0.2665868 0.0583128 0.0675518 0.2874862 0.2615155 0.0600427 0.0858446 0.1547999 0.0783827 0.1043438 0.1481508 0.4278246 0.3489908 0.2967716 0.1829172 0.1212369 0.1248627 0.2976617 
chicken_Gallus_gallus                     0.2242630 0.2054786 0.2780783 0.1185056 0.0000000 0.1861939 0.0779831 0.0873659 0.2043708 0.1887262 0.0773713 0.0764337 0.0792627 0.0914349 0.0778555 0.1016002 0.3146908 0.2722997 0.2129534 0.0535205 0.0526822 0.0310837 0.2335700 
coelacanth_Latimeria_chalumnae            0.2370808 0.2012970 0.3293239 0.2665868 0.1861939 0.0000000 0.2006641 0.2126439 0.3022274 0.2620809 0.2018377 0.2117405 0.2181286 0.2150310 0.2038322 0.2335833 0.3625292 0.3436887 0.2957092 0.2594091 0.1998804 0.2205923 0.3385997 
dog_Canis_lupus                           0.2428158 0.2220871 0.3021072 0.0583128 0.0779831 0.2006641 0.0000000 0.0309295 0.2263989 0.2053141 0.0210156 0.0615769 0.1079274 0.0397977 0.0615344 0.0906700 0.3309720 0.2917116 0.2258796 0.1465964 0.0832741 0.0979871 0.2416877 
elephant_Loxodonta_africana               0.2529660 0.2346089 0.3078423 0.0675518 0.0873659 0.2126439 0.0309295 0.0000000 0.2339653 0.2144033 0.0336232 0.0713333 0.1135572 0.0486945 0.0687427 0.1071697 0.3439389 0.2978103 0.2367238 0.1564154 0.0973699 0.1083167 0.2541099 
frog_Silurana_tropicalis                  0.3245308 0.3273101 0.4006868 0.2874862 0.2043708 0.3022274 0.2263989 0.2339653 0.0000000 0.3040064 0.2249201 0.2254542 0.2371532 0.2332500 0.2289514 0.2078996 0.4431629 0.3936039 0.3200294 0.3014999 0.2098383 0.1659073 0.3423692 
gar_Lepisosteus_oculatus                  0.2619152 0.2398497 0.3241598 0.2615155 0.1887262 0.2620809 0.2053141 0.2144033 0.3040064 0.0000000 0.2051554 0.2165794 0.2067765 0.2128902 0.2031452 0.2418661 0.2520556 0.3115508 0.1617199 0.2763583 0.2062330 0.2260418 0.1721423 
human_Homo_sapiens                        0.2449484 0.2242400 0.3009018 0.0600427 0.0773713 0.2018377 0.0210156 0.0336232 0.2249201 0.2051554 0.0000000 0.0625836 0.1099674 0.0375728 0.0617935 0.0967132 0.3279974 0.2924486 0.2258883 0.1431400 0.0877095 0.0995179 0.2441746 
kangaroo_Macropus_eugenii                 0.2411944 0.2421248 0.3046415 0.0858446 0.0764337 0.2117405 0.0615769 0.0713333 0.2254542 0.2165794 0.0625836 0.0000000 0.1107635 0.0764985 0.0234308 0.1089208 0.3499590 0.2897705 0.2265196 0.1476167 0.0828030 0.0916300 0.2480737 
lizard_Anolis_carolinensis                0.2578316 0.2290470 0.3104341 0.1547999 0.0792627 0.2181286 0.1079274 0.1135572 0.2371532 0.2067765 0.1099674 0.1107635 0.0000000 0.1203285 0.1056547 0.1301753 0.3327126 0.3061247 0.2241326 0.1427516 0.0849228 0.0926026 0.2378449 
mouse_Mus_musculus                        0.2531423 0.2326978 0.3078285 0.0783827 0.0914349 0.2150310 0.0397977 0.0486945 0.2332500 0.2128902 0.0375728 0.0764985 0.1203285 0.0000000 0.0728914 0.1172973 0.3371334 0.2976246 0.2285668 0.1571982 0.1020058 0.1135210 0.2485653 
opossum_Monodelphis_domestica             0.2457853 0.2227002 0.2879150 0.1043438 0.0778555 0.2038322 0.0615344 0.0687427 0.2289514 0.2031452 0.0617935 0.0234308 0.1056547 0.0728914 0.0000000 0.0897627 0.3296445 0.2997515 0.2179406 0.1488630 0.0856973 0.0925313 0.2274197 
platypus_Ornithorhynchus_anatinus         0.2765520 0.2135955 0.3583699 0.1481508 0.1016002 0.2335833 0.0906700 0.1071697 0.2078996 0.2418661 0.0967132 0.1089208 0.1301753 0.1172973 0.0897627 0.0000000 0.3378103 0.3503514 0.2267040 0.2025402 0.1045115 0.1488913 0.2469267 
pufferfish_Takifugu_rubripes              0.3826651 0.3511567 0.4277191 0.4278246 0.3146908 0.3625292 0.3309720 0.3439389 0.4431629 0.2520556 0.3279974 0.3499590 0.3327126 0.3371334 0.3296445 0.3378103 0.0000000 0.4444372 0.0905957 0.4139444 0.3366281 0.3781702 0.1936426 
shark_Callorhinchus_milii                 0.3500469 0.2949933 0.3661097 0.3489908 0.2722997 0.3436887 0.2917116 0.2978103 0.3936039 0.3115508 0.2924486 0.2897705 0.3061247 0.2976246 0.2997515 0.3503514 0.4444372 0.0000000 0.3139659 0.3535806 0.2893073 0.2787543 0.3007236 
tilapia_Oreochromis_niloticus             0.2847940 0.2747077 0.3744979 0.2967716 0.2129534 0.2957092 0.2258796 0.2367238 0.3200294 0.1617199 0.2258883 0.2265196 0.2241326 0.2285668 0.2179406 0.2267040 0.0905957 0.3139659 0.0000000 0.3121194 0.2293177 0.2014985 0.1507105 
turkey_Meleagris_gallopavo                0.2944746 0.2405880 0.3651241 0.1829172 0.0535205 0.2594091 0.1465964 0.1564154 0.3014999 0.2763583 0.1431400 0.1476167 0.1427516 0.1571982 0.1488630 0.2025402 0.4139444 0.3535806 0.3121194 0.0000000 0.1020608 0.0955461 0.3413211 
turtle_Pelodiscus_sinensis                0.2394016 0.2222270 0.2953251 0.1212369 0.0526822 0.1998804 0.0832741 0.0973699 0.2098383 0.2062330 0.0877095 0.0828030 0.0849228 0.1020058 0.0856973 0.1045115 0.3366281 0.2893073 0.2293177 0.1020608 0.0000000 0.0678794 0.2548606 
zebrafinch_Taeniopygia_guttata            0.2580368 0.2269632 0.3310292 0.1248627 0.0310837 0.2205923 0.0979871 0.1083167 0.1659073 0.2260418 0.0995179 0.0916300 0.0926026 0.1135210 0.0925313 0.1488913 0.3781702 0.2787543 0.2014985 0.0955461 0.0678794 0.0000000 0.2181163 
zebrafish_Danio_rerio                     0.3240201 0.3227479 0.4196381 0.2976617 0.2335700 0.3385997 0.2416877 0.2541099 0.3423692 0.1721423 0.2441746 0.2480737 0.2378449 0.2485653 0.2274197 0.2469267 0.1936426 0.3007236 0.1507105 0.3413211 0.2548606 0.2181163 0.0000000 
