23
African-lungfish_Protopterus_annectens    0.0000000 0.0673599 0.2434350 0.3293283 0.2349418 0.2757662 0.2571324 0.2670890 0.3440482 0.2990425 0.2595751 0.2540870 0.2720520 0.2683242 0.2587071 0.2922056 0.4192920 0.3862932 0.3124647 0.3080220 0.2515412 0.2716714 0.3554172 
American-lungfish_Lepidosiren_paradoxa    0.0673599 0.0000000 0.1517163 0.3192330 0.2170595 0.2367186 0.2349642 0.2483619 0.3494289 0.2746891 0.2374296 0.2548825 0.2426037 0.2469871 0.2349024 0.2285394 0.3844685 0.3256199 0.3046589 0.2555697 0.2341448 0.2396001 0.3597473 
Australian-lungfish_Neoceratodus_forsteri 0.2434350 0.1517163 0.0000000 0.4111347 0.2905945 0.3619799 0.3167545 0.3248601 0.4192242 0.3547065 0.3165971 0.3193670 0.3249195 0.3245368 0.3026929 0.3766381 0.4633691 0.3938745 0.4002932 0.3811950 0.3092829 0.3457353 0.4516205 
armadillo_Dasypus_novemcinctus            0.3293283 0.3192330 0.4111347 0.0000000 0.1264639 0.3101996 0.0601356 0.0695815 0.3095969 0.3003117 0.0615786 0.0909577 0.1651866 0.0830799 0.1096159 0.1541874 0.4718971 0.3883344 0.3292466 0.1913129 0.1283026 0.1324145 0.3312427 
chicken_Gallus_gallus                     0.2349418 0.2170595 0.2905945 0.1264639 0.0000000 0.2222023 0.0854902 0.0953267 0.2192589 0.2225966 0.0849833 0.0827052 0.0845552 0.1008407 0.0849555 0.1085116 0.3521067 0.3056307 0.2406257 0.0539507 0.0566613 0.0329344 0.2634103 
coelacanth_Latimeria_chalumnae            0.2757662 0.2367186 0.3619799 0.3101996 0.2222023 0.0000000 0.2377105 0.2505031 0.3429365 0.2760105 0.2398904 0.2507644 0.2567297 0.2541121 0.2424650 0.2713440 0.3835916 0.3619672 0.3117643 0.3040635 0.2388375 0.2589938 0.3560299 
dog_Canis_lupus                           0.2571324 0.2349642 0.3167545 0.0601356 0.0854902 0.2377105 0.0000000 0.0333949 0.2449369 0.2393819 0.0224639 0.0668530 0.1175319 0.0436487 0.0663121 0.0972379 0.3686861 0.3263415 0.2532851 0.1545480 0.0906424 0.1046733 0.2711241 
elephant_Loxodonta_africana               0.2670890 0.2483619 0.3248601 0.0695815 0.0953267 0.2505031 0.0333949 0.0000000 0.2531308 0.2492214 0.0353438 0.0762605 0.1235083 0.0531971 0.0733580 0.1127880 0.3820191 0.3332268 0.2658725 0.1654779 0.1050923 0.1163034 0.2849929 
frog_Silurana_tropicalis                  0.3440482 0.3494289 0.4192242 0.3095969 0.2192589 0.3429365 0.2449369 0.2531308 0.0000000 0.3407217 0.2436281 0.2431855 0.2553067 0.2532932 0.2466023 0.2239202 0.4848317 0.4334504 0.3517892 0.3193333 0.2262700 0.1778634 0.3752550 
gar_Lepisosteus_oculatus                  0.2990425 0.2746891 0.3547065 0.3003117 0.2225966 0.2760105 0.2393819 0.2492214 0.3407217 0.0000000 0.2397556 0.2529366 0.2423806 0.2480489 0.2387666 0.2784385 0.2661475 0.3330993 0.1720132 0.3176060 0.2423958 0.2621576 0.1825720 
human_Homo_sapiens                        0.2595751 0.2374296 0.3165971 0.0615786 0.0849833 0.2398904 0.0224639 0.0353438 0.2436281 0.2397556 0.0000000 0.0669572 0.1195163 0.0408831 0.0658677 0.1019376 0.3658813 0.3272849 0.2543798 0.1518985 0.0949691 0.1068195 0.2747883 
kangaroo_Macropus_eugenii                 0.2540870 0.2548825 0.3193670 0.0909577 0.0827052 0.2507644 0.0668530 0.0762605 0.2431855 0.2529366 0.0669572 0.0000000 0.1194551 0.0824366 0.0247741 0.1125391 0.3881116 0.3261581 0.2541813 0.1552985 0.0888902 0.0987397 0.2780485 
lizard_Anolis_carolinensis                0.2720520 0.2426037 0.3249195 0.1651866 0.0845552 0.2567297 0.1175319 0.1235083 0.2553067 0.2423806 0.1195163 0.1194551 0.0000000 0.1315373 0.1141759 0.1379349 0.3717427 0.3410360 0.2515017 0.1497096 0.0911810 0.0991671 0.2666660 
mouse_Mus_musculus                        0.2683242 0.2469871 0.3245368 0.0830799 0.1008407 0.2541121 0.0436487 0.0531971 0.2532932 0.2480489 0.0408831 0.0824366 0.1315373 0.0000000 0.0786404 0.1238682 0.3751953 0.3333699 0.2568573 0.1682323 0.1108462 0.1225837 0.2798444 
opossum_Monodelphis_domestica             0.2587071 0.2349024 0.3026929 0.1096159 0.0849555 0.2424650 0.0663121 0.0733580 0.2466023 0.2387666 0.0658677 0.0247741 0.1141759 0.0786404 0.0000000 0.0948657 0.3674839 0.3355642 0.2448857 0.1574767 0.0924413 0.0998231 0.2584710 
platypus_Ornithorhynchus_anatinus         0.2922056 0.2285394 0.3766381 0.1541874 0.1085116 0.2713440 0.0972379 0.1127880 0.2239202 0.2784385 0.1019376 0.1125391 0.1379349 0.1238682 0.0948657 0.0000000 0.3763359 0.3854261 0.2517009 0.2113870 0.1109330 0.1570475 0.2719965 
pufferfish_Takifugu_rubripes              0.4192920 0.3844685 0.4633691 0.4718971 0.3521067 0.3835916 0.3686861 0.3820191 0.4848317 0.2661475 0.3658813 0.3881116 0.3717427 0.3751953 0.3674839 0.3763359 0.0000000 0.4727979 0.0960527 0.4608181 0.3765497 0.4180102 0.2064019 
shark_Callorhinchus_milii                 0.3862932 0.3256199 0.3938745 0.3883344 0.3056307 0.3619672 0.3263415 0.3332268 0.4334504 0.3330993 0.3272849 0.3261581 0.3410360 0.3333699 0.3355642 0.3854261 0.4727979 0.0000000 0.3328957 0.3936078 0.3247216 0.3120563 0.3214840 
tilapia_Oreochromis_niloticus             0.3124647 0.3046589 0.4002932 0.3292466 0.2406257 0.3117643 0.2532851 0.2658725 0.3517892 0.1720132 0.2543798 0.2541813 0.2515017 0.2568573 0.2448857 0.2517009 0.0960527 0.3328957 0.0000000 0.3449099 0.2587000 0.2232500 0.1616244 
turkey_Meleagris_gallopavo                0.3080220 0.2555697 0.3811950 0.1913129 0.0539507 0.3040635 0.1545480 0.1654779 0.3193333 0.3176060 0.1518985 0.1552985 0.1497096 0.1682323 0.1574767 0.2113870 0.4608181 0.3936078 0.3449099 0.0000000 0.1066529 0.0975253 0.3764459 
turtle_Pelodiscus_sinensis                0.2515412 0.2341448 0.3092829 0.1283026 0.0566613 0.2388375 0.0906424 0.1050923 0.2262700 0.2423958 0.0949691 0.0888902 0.0911810 0.1108462 0.0924413 0.1109330 0.3765497 0.3247216 0.2587000 0.1066529 0.0000000 0.0719908 0.2858199 
zebrafinch_Taeniopygia_guttata            0.2716714 0.2396001 0.3457353 0.1324145 0.0329344 0.2589938 0.1046733 0.1163034 0.1778634 0.2621576 0.1068195 0.0987397 0.0991671 0.1225837 0.0998231 0.1570475 0.4180102 0.3120563 0.2232500 0.0975253 0.0719908 0.0000000 0.2444639 
zebrafish_Danio_rerio                     0.3554172 0.3597473 0.4516205 0.3312427 0.2634103 0.3560299 0.2711241 0.2849929 0.3752550 0.1825720 0.2747883 0.2780485 0.2666660 0.2798444 0.2584710 0.2719965 0.2064019 0.3214840 0.1616244 0.3764459 0.2858199 0.2444639 0.0000000 
